3.41733 -4.5609 0 
1.35178 -5.34522 0 
0.148613 -4.31211 0 
-1.89035 -5.2739 0 
1.25245 -6.92491 0 
-2.58718 -5.67995 0 
-1.6715 -7.3576 0 
-1.60203 -5.02349 0 
1.05107 -5.57388 0 
-0.664766 -7.41851 0 
0.085346 -6.15695 0 
-0.0287903 -6.50176 0 
-0.485 -8.24221 0 
-0.523427 -6.39228 0 
0.636509 -5.84074 0 
-0.390804 -6.79547 0 
-0.122589 -7.00023 0 
0.827716 -7.01162 0 
1.30499 -7.34942 0 
0.193139 -4.78877 0 
-1.26584 -6.30277 0 
-2.29636 -6.03522 0 
0.0271925 -6.60629 0 
-1.16183 -5.76101 0 
-0.607268 -6.24015 0 
-1.72453 -6.27641 0 
1.77672 -7.83453 0 
0.899607 -7.06603 0 
0.944156 -5.03252 0 
0.0715271 -4.34741 0 
1.05295 -6.14389 0 
1.12096 -4.74397 0 
2.46937 -6.69092 0 
0.26186 -5.27007 0 
1.55603 -7.3241 0 
0.977041 -5.99614 0 
-0.41189 -6.89119 0 
-0.294135 -5.39255 0 
-1.14556 -6.09068 0 
0.285685 -5.9772 0 
0.634788 -6.84541 0 
-1.34317 -6.95095 0 
0.762062 -4.11206 0 
1.04665 -6.83723 0 
0.117682 -6.22904 0 
0.528285 -5.91972 0 
-0.111701 -4.68684 0 
-0.393145 -5.52414 0 
1.19604 -6.3469 0 
-1.73603 -6.20102 0 
0.714638 -7.49819 0 
-0.84608 -5.58538 0 
-0.697749 -7.02801 0 
2.46494 -7.11092 0 
-1.31449 -6.51359 0 
-0.370977 -6.66381 0 
-1.50367 -7.52565 0 
0.446786 -5.05585 0 
0.921009 -5.56258 0 
-0.965071 -6.30022 0 
0.443252 -6.52317 0 
2.26761 -4.4593 0 
0.346119 -4.91917 0 
0.00470149 -6.30721 0 
-0.240284 -4.27161 0 
-0.064401 -6.99396 0 
0.742314 -7.26004 0 
0.212213 -6.10163 0 
-0.221552 -8.26777 0 
-1.49465 -6.9165 0 
0.692168 -6.74926 0 
-0.699907 -6.14192 0 
-0.365466 -7.43143 0 
-0.293058 -5.73622 0 
0.00771671 -7.49513 0 
0.316829 -7.82951 0 
2.09661 -6.10589 0 
0.207546 -5.15314 0 
-1.08959 -6.1443 0 
-0.930938 -6.61458 0 
-0.404904 -3.88097 0 
0.831471 -6.99712 0 
-1.06328 -6.54906 0 
0.337317 -6.25727 0 
1.01126 -6.59723 0 
0.783432 -5.60188 0 
0.259914 -5.92094 0 
-2.04625 -6.41096 0 
-1.2152 -6.91167 0 
0.1745 -6.45876 0 
-0.462989 -5.85677 0 
1.00902 -4.4869 0 
-0.562613 -6.08585 0 
-0.0330199 -6.47598 0 
0.938129 -5.45996 0 
0.775259 -2.91315 0 
0.195419 -6.20194 0 
-0.728797 -5.2088 0 
-1.37814 -5.36055 0 
-0.977822 -7.00454 0 
-1.83958 4.77915 0 
-0.930067 6.11815 0 
0.0240505 6.82056 0 
-0.598592 5.27677 0 
0.0386641 4.69585 0 
-1.7331 6.3243 0 
0.611977 6.83779 0 
-0.210648 3.87779 0 
0.736097 6.20209 0 
-1.21222 5.81809 0 
0.0305548 7.1555 0 
0.367482 4.95852 0 
-0.516206 7.63354 0 
-1.14421 7.29265 0 
-0.95747 6.797 0 
0.308139 5.19675 0 
0.893856 4.74217 0 
0.974721 4.15657 0 
0.529071 7.53094 0 
-1.01884 5.03992 0 
0.523267 5.74117 0 
1.29069 4.96613 0 
-0.308784 5.86561 0 
0.528756 4.46819 0 
1.29342 5.58213 0 
-0.677327 5.86395 0 
0.528868 4.18839 0 
-1.51989 6.73014 0 
0.293536 6.31243 0 
-0.639087 6.89959 0 
1.79468 6.21528 0 
0.216684 6.82299 0 
0.543037 5.9943 0 
0.0616721 4.87974 0 
-0.340156 4.66586 0 
-1.83204 6.2493 0 
-1.70095 4.99937 0 
-0.16222 6.47315 0 
-0.0504112 6.32123 0 
0.0751528 6.69455 0 
-0.452246 6.83455 0 
0.272206 6.24681 0 
-0.715423 6.44796 0 
1.35813 6.46076 0 
-1.07673 5.8058 0 
0.441228 4.47744 0 
-1.07358 4.28307 0 
-1.09832 5.02736 0 
-1.26556 6.17401 0 
1.28468 4.65847 0 
-1.61681 4.37883 0 
1.35267 8.3563 0 
0.23486 7.96556 0 
-0.630865 6.98393 0 
1.94869 6.77029 0 
0.449623 5.68105 0 
-1.27298 5.39214 0 
-1.01205 6.59628 0 
-1.31023 6.5944 0 
-0.882469 6.64748 0 
1.37425 6.12588 0 
1.47204 5.21745 0 
0.575542 5.49481 0 
1.17073 5.06561 0 
0.533192 5.27229 0 
0.0115621 6.94923 0 
0.543282 6.11247 0 
0.593304 6.50606 0 
-0.616677 4.78183 0 
1.96068 5.69952 0 
1.35625 6.27336 0 
0.0231575 7.63209 0 
-1.32625 6.7931 0 
-1.01682 5.91665 0 
-0.884539 5.4416 0 
-0.251231 5.3663 0 
-0.481016 6.36501 0 
-0.394364 6.93726 0 
1.24231 4.72691 0 
-0.695859 5.71314 0 
-0.351216 7.50102 0 
-0.49811 5.77735 0 
-0.0706812 5.20763 0 
1.21561 5.87468 0 
-0.051378 6.96021 0 
-0.833261 6.01714 0 
0.888828 5.2329 0 
-0.826452 6.32539 0 
1.56887 7.43206 0 
-1.48698 6.75962 0 
-0.408956 4.96346 0 
0.883838 5.75024 0 
-0.831253 4.8363 0 
0.293252 7.19017 0 
1.20794 7.06669 0 
-1.18805 7.2185 0 
-1.1233 4.9807 0 
0.675896 7.99958 0 
0.45506 5.74871 0 
-1.11244 6.41282 0 
