# Prepared plot of model file 
3.41733496904399781e+00 8.35630472172456074e+00 9.93764672188953146e-01 
3.20690223145667375e+00 8.35630472172456074e+00 9.93764676769014255e-01 
2.99646949386934969e+00 8.35630472172456074e+00 9.93764680995156358e-01 
2.78603675628202563e+00 8.35630472172456074e+00 9.93764684867380010e-01 
2.57560401869470157e+00 8.35630472172456074e+00 9.93764688385685324e-01 
2.36517128110737751e+00 8.35630472172456074e+00 9.93764691550072632e-01 
2.15473854352005345e+00 8.35630472172456074e+00 9.93764694360542489e-01 
1.94430580593272939e+00 8.35630472172456074e+00 9.93764696817094784e-01 
1.73387306834540533e+00 8.35630472172456074e+00 9.93764698919729961e-01 
1.52344033075808127e+00 8.35630472172456074e+00 9.93764700668448020e-01 
1.31300759317075721e+00 8.35630472172456074e+00 9.93764702063249183e-01 
1.10257485558343316e+00 8.35630472172456074e+00 9.93764703104133562e-01 
8.92142117996108985e-01 8.35630472172456074e+00 9.93764703791101267e-01 
6.81709380408784815e-01 8.35630472172456074e+00 9.93764704124152409e-01 
4.71276642821460645e-01 8.35630472172456074e+00 9.93764704103286878e-01 
2.60843905234136475e-01 8.35630472172456074e+00 9.93764703728504784e-01 
5.04111676468123326e-02 8.35630472172456074e+00 9.93764702999806016e-01 
-1.60021569940511810e-01 8.35630472172456074e+00 9.93764701917190574e-01 
-3.70454307527835924e-01 8.35630472172456074e+00 9.93764700480658458e-01 
-5.80887045115160094e-01 8.35630472172456074e+00 9.93764698690209336e-01 
-7.91319782702484265e-01 8.35630472172456074e+00 9.93764696545843096e-01 
-1.00175252028980832e+00 8.35630472172456074e+00 9.93764694047559738e-01 
-1.21218525787713238e+00 8.35630472172456074e+00 9.93764691195358818e-01 
-1.42261799546445644e+00 8.35630472172456074e+00 9.93764687989240336e-01 
-1.63305073305178050e+00 8.35630472172456074e+00 9.93764684429203959e-01 
-1.84348347063910456e+00 8.35630472172456074e+00 9.93764680515249132e-01 
-2.05391620822642862e+00 8.35630472172456074e+00 9.93764676247375967e-01 
-2.26434894581375268e+00 8.35630472172456074e+00 9.93764671625583684e-01 
-2.47478168340107674e+00 8.35630472172456074e+00 9.93764666649872064e-01 
-2.68521442098840080e+00 8.35630472172456074e+00 9.93764661320240883e-01 

3.41733496904399781e+00 7.78306087738349373e+00 9.98118781963369450e-01 
3.20690223145667375e+00 7.78306087738349373e+00 9.98118784182162933e-01 
2.99646949386934969e+00 7.78306087738349373e+00 9.98118786232945920e-01 
2.78603675628202563e+00 7.78306087738349373e+00 9.98118788115718636e-01 
2.57560401869470157e+00 7.78306087738349373e+00 9.98118789830481412e-01 
2.36517128110737751e+00 7.78306087738349373e+00 9.98118791377234582e-01 
2.15473854352005345e+00 7.78306087738349373e+00 9.98118792755978368e-01 
1.94430580593272939e+00 7.78306087738349373e+00 9.98118793966712881e-01 
1.73387306834540533e+00 7.78306087738349373e+00 9.98118795009438564e-01 
1.52344033075808127e+00 7.78306087738349373e+00 9.98118795884155419e-01 
1.31300759317075721e+00 7.78306087738349373e+00 9.98118796590863555e-01 
1.10257485558343316e+00 7.78306087738349373e+00 9.98118797129563307e-01 
8.92142117996108985e-01 7.78306087738349373e+00 9.98118797500254340e-01 
6.81709380408784815e-01 7.78306087738349373e+00 9.98118797702937210e-01 
4.71276642821460645e-01 7.78306087738349373e+00 9.98118797737611585e-01 
2.60843905234136475e-01 7.78306087738349373e+00 9.98118797604277685e-01 
5.04111676468123326e-02 7.78306087738349373e+00 9.98118797302935401e-01 
-1.60021569940511810e-01 7.78306087738349373e+00 9.98118796833584621e-01 
-3.70454307527835924e-01 7.78306087738349373e+00 9.98118796196225455e-01 
-5.80887045115160094e-01 7.78306087738349373e+00 9.98118795390857572e-01 
-7.91319782702484265e-01 7.78306087738349373e+00 9.98118794417480970e-01 
-1.00175252028980832e+00 7.78306087738349373e+00 9.98118793276095539e-01 
-1.21218525787713238e+00 7.78306087738349373e+00 9.98118791966700947e-01 
-1.42261799546445644e+00 7.78306087738349373e+00 9.98118790489296970e-01 
-1.63305073305178050e+00 7.78306087738349373e+00 9.98118788843883609e-01 
-1.84348347063910456e+00 7.78306087738349373e+00 9.98118787030460419e-01 
-2.05391620822642862e+00 7.78306087738349373e+00 9.98118785049026958e-01 
-2.26434894581375268e+00 7.78306087738349373e+00 9.98118782899583223e-01 
-2.47478168340107674e+00 7.78306087738349373e+00 9.98118780582128662e-01 
-2.68521442098840080e+00 7.78306087738349373e+00 9.98118778096662940e-01 

3.41733496904399781e+00 7.20981703304242671e+00 9.99318842652649808e-01 
3.20690223145667375e+00 7.20981703304242671e+00 9.99318843778251420e-01 
2.99646949386934969e+00 7.20981703304242671e+00 9.99318844820317187e-01 
2.78603675628202563e+00 7.20981703304242671e+00 9.99318845778847331e-01 
2.57560401869470157e+00 7.20981703304242671e+00 9.99318846653842519e-01 
2.36517128110737751e+00 7.20981703304242671e+00 9.99318847445302527e-01 
2.15473854352005345e+00 7.20981703304242671e+00 9.99318848153227579e-01 
1.94430580593272939e+00 7.20981703304242671e+00 9.99318848777618118e-01 
1.73387306834540533e+00 7.20981703304242671e+00 9.99318849318474145e-01 
1.52344033075808127e+00 7.20981703304242671e+00 9.99318849775795881e-01 
1.31300759317075721e+00 7.20981703304242671e+00 9.99318850149583215e-01 
1.10257485558343316e+00 7.20981703304242671e+00 9.99318850439836481e-01 
8.92142117996108985e-01 7.20981703304242671e+00 9.99318850646555568e-01 
6.81709380408784815e-01 7.20981703304242671e+00 9.99318850769740585e-01 
4.71276642821460645e-01 7.20981703304242671e+00 9.99318850809391757e-01 
2.60843905234136475e-01 7.20981703304242671e+00 9.99318850765508748e-01 
5.04111676468123326e-02 7.20981703304242671e+00 9.99318850638091782e-01 
-1.60021569940511810e-01 7.20981703304242671e+00 9.99318850427140859e-01 
-3.70454307527835924e-01 7.20981703304242671e+00 9.99318850132655645e-01 
-5.80887045115160094e-01 7.20981703304242671e+00 9.99318849754636362e-01 
-7.91319782702484265e-01 7.20981703304242671e+00 9.99318849293082789e-01 
-1.00175252028980832e+00 7.20981703304242671e+00 9.99318848747994926e-01 
-1.21218525787713238e+00 7.20981703304242671e+00 9.99318848119372438e-01 
-1.42261799546445644e+00 7.20981703304242671e+00 9.99318847407215216e-01 
-1.63305073305178050e+00 7.20981703304242671e+00 9.99318846611523259e-01 
-1.84348347063910456e+00 7.20981703304242671e+00 9.99318845732296124e-01 
-2.05391620822642862e+00 7.20981703304242671e+00 9.99318844769533809e-01 
-2.26434894581375268e+00 7.20981703304242671e+00 9.99318843723236094e-01 
-2.47478168340107674e+00 7.20981703304242671e+00 9.99318842593402534e-01 
-2.68521442098840080e+00 7.20981703304242671e+00 9.99318841380032796e-01 

3.41733496904399781e+00 6.63657318870135970e+00 9.99666342441640099e-01 
3.20690223145667375e+00 6.63657318870135970e+00 9.99666343147649905e-01 
2.99646949386934969e+00 6.63657318870135970e+00 9.99666343802188440e-01 
2.78603675628202563e+00 6.63657318870135970e+00 9.99666344405255924e-01 
2.57560401869470157e+00 6.63657318870135970e+00 9.99666344956852582e-01 
2.36517128110737751e+00 6.63657318870135970e+00 9.99666345456978744e-01 
2.15473854352005345e+00 6.63657318870135970e+00 9.99666345905634413e-01 
1.94430580593272939e+00 6.63657318870135970e+00 9.99666346302819697e-01 
1.73387306834540533e+00 6.63657318870135970e+00 9.99666346648534931e-01 
1.52344033075808127e+00 6.63657318870135970e+00 9.99666346942780004e-01 
1.31300759317075721e+00 6.63657318870135970e+00 9.99666347185555026e-01 
1.10257485558343316e+00 6.63657318870135970e+00 9.99666347376860220e-01 
8.92142117996108985e-01 6.63657318870135970e+00 9.99666347516695586e-01 
6.81709380408784815e-01 6.63657318870135970e+00 9.99666347605061123e-01 
4.71276642821460645e-01 6.63657318870135970e+00 9.99666347641956943e-01 
2.60843905234136475e-01 6.63657318870135970e+00 9.99666347627382934e-01 
5.04111676468123326e-02 6.63657318870135970e+00 9.99666347561339208e-01 
-1.60021569940511810e-01 6.63657318870135970e+00 9.99666347443825654e-01 
-3.70454307527835924e-01 6.63657318870135970e+00 9.99666347274842382e-01 
-5.80887045115160094e-01 6.63657318870135970e+00 9.99666347054389171e-01 
-7.91319782702484265e-01 6.63657318870135970e+00 9.99666346782466020e-01 
-1.00175252028980832e+00 6.63657318870135970e+00 9.99666346459072708e-01 
-1.21218525787713238e+00 6.63657318870135970e+00 9.99666346084209345e-01 
-1.42261799546445644e+00 6.63657318870135970e+00 9.99666345657875710e-01 
-1.63305073305178050e+00 6.63657318870135970e+00 9.99666345180071692e-01 
-1.84348347063910456e+00 6.63657318870135970e+00 9.99666344650797067e-01 
-2.05391620822642862e+00 6.63657318870135970e+00 9.99666344070051727e-01 
-2.26434894581375268e+00 6.63657318870135970e+00 9.99666343437835447e-01 
-2.47478168340107674e+00 6.63657318870135970e+00 9.99666342754148118e-01 
-2.68521442098840080e+00 6.63657318870135970e+00 9.99666342018989296e-01 

3.41733496904399781e+00 6.06332934436029269e+00 9.99774815894771129e-01 
3.20690223145667375e+00 6.06332934436029269e+00 9.99774816484691464e-01 
2.99646949386934969e+00 6.06332934436029269e+00 9.99774817032273333e-01 
2.78603675628202563e+00 6.06332934436029269e+00 9.99774817537516736e-01 
2.57560401869470157e+00 6.06332934436029269e+00 9.99774818000422227e-01 
2.36517128110737751e+00 6.06332934436029269e+00 9.99774818420989586e-01 
2.15473854352005345e+00 6.06332934436029269e+00 9.99774818799219478e-01 
1.94430580593272939e+00 6.06332934436029269e+00 9.99774819135111570e-01 
1.73387306834540533e+00 6.06332934436029269e+00 9.99774819428666306e-01 
1.52344033075808127e+00 6.06332934436029269e+00 9.99774819679883686e-01 
1.31300759317075721e+00 6.06332934436029269e+00 9.99774819888763822e-01 
1.10257485558343316e+00 6.06332934436029269e+00 9.99774820055306823e-01 
8.92142117996108985e-01 6.06332934436029269e+00 9.99774820179512691e-01 
6.81709380408784815e-01 6.06332934436029269e+00 9.99774820261381536e-01 
4.71276642821460645e-01 6.06332934436029269e+00 9.99774820300913358e-01 
2.60843905234136475e-01 6.06332934436029269e+00 9.99774820298108269e-01 
5.04111676468123326e-02 6.06332934436029269e+00 9.99774820252966157e-01 
-1.60021569940511810e-01 6.06332934436029269e+00 9.99774820165487021e-01 
-3.70454307527835924e-01 6.06332934436029269e+00 9.99774820035670864e-01 
-5.80887045115160094e-01 6.06332934436029269e+00 9.99774819863517461e-01 
-7.91319782702484265e-01 6.06332934436029269e+00 9.99774819649027036e-01 
-1.00175252028980832e+00 6.06332934436029269e+00 9.99774819392199254e-01 
-1.21218525787713238e+00 6.06332934436029269e+00 9.99774819093034228e-01 
-1.42261799546445644e+00 6.06332934436029269e+00 9.99774818751531624e-01 
-1.63305073305178050e+00 6.06332934436029269e+00 9.99774818367691331e-01 
-1.84348347063910456e+00 6.06332934436029269e+00 9.99774817941513350e-01 
-2.05391620822642862e+00 6.06332934436029269e+00 9.99774817472997346e-01 
-2.26434894581375268e+00 6.06332934436029269e+00 9.99774816962143209e-01 
-2.47478168340107674e+00 6.06332934436029269e+00 9.99774816408950828e-01 
-2.68521442098840080e+00 6.06332934436029269e+00 9.99774815813419648e-01 

3.41733496904399781e+00 5.49008550001922568e+00 9.99771572735982272e-01 
3.20690223145667375e+00 5.49008550001922568e+00 9.99771573467653552e-01 
2.99646949386934969e+00 5.49008550001922568e+00 9.99771574147666153e-01 
2.78603675628202563e+00 5.49008550001922568e+00 9.99771574776020522e-01 
2.57560401869470157e+00 5.49008550001922568e+00 9.99771575352716768e-01 
2.36517128110737751e+00 5.49008550001922568e+00 9.99771575877755225e-01 
2.15473854352005345e+00 5.49008550001922568e+00 9.99771576351136337e-01 
1.94430580593272939e+00 5.49008550001922568e+00 9.99771576772860104e-01 
1.73387306834540533e+00 5.49008550001922568e+00 9.99771577142926748e-01 
1.52344033075808127e+00 5.49008550001922568e+00 9.99771577461336491e-01 
1.31300759317075721e+00 5.49008550001922568e+00 9.99771577728089555e-01 
1.10257485558343316e+00 5.49008550001922568e+00 9.99771577943185941e-01 
8.92142117996108985e-01 5.49008550001922568e+00 9.99771578106625869e-01 
6.81709380408784815e-01 5.49008550001922568e+00 9.99771578218409451e-01 
4.71276642821460645e-01 5.49008550001922568e+00 9.99771578278536577e-01 
2.60843905234136475e-01 5.49008550001922568e+00 9.99771578287007356e-01 
5.04111676468123326e-02 5.49008550001922568e+00 9.99771578243821679e-01 
-1.60021569940511810e-01 5.49008550001922568e+00 9.99771578148979767e-01 
-3.70454307527835924e-01 5.49008550001922568e+00 9.99771578002481287e-01 
-5.80887045115160094e-01 5.49008550001922568e+00 9.99771577804326350e-01 
-7.91319782702484265e-01 5.49008550001922568e+00 9.99771577554514845e-01 
-1.00175252028980832e+00 5.49008550001922568e+00 9.99771577253046662e-01 
-1.21218525787713238e+00 5.49008550001922568e+00 9.99771576899921577e-01 
-1.42261799546445644e+00 5.49008550001922568e+00 9.99771576495139369e-01 
-1.63305073305178050e+00 5.49008550001922568e+00 9.99771576038699927e-01 
-1.84348347063910456e+00 5.49008550001922568e+00 9.99771575530603140e-01 
-2.05391620822642862e+00 5.49008550001922568e+00 9.99771574970848453e-01 
-2.26434894581375268e+00 5.49008550001922568e+00 9.99771574359435977e-01 
-2.47478168340107674e+00 5.49008550001922568e+00 9.99771573696365046e-01 
-2.68521442098840080e+00 5.49008550001922568e+00 9.99771572981635659e-01 

3.41733496904399781e+00 4.91684165567815867e+00 9.99553042233972788e-01 
3.20690223145667375e+00 4.91684165567815867e+00 9.99553043899929272e-01 
2.99646949386934969e+00 4.91684165567815867e+00 9.99553045450654709e-01 
2.78603675628202563e+00 4.91684165567815867e+00 9.99553046886149765e-01 
2.57560401869470157e+00 4.91684165567815867e+00 9.99553048206415218e-01 
2.36517128110737751e+00 4.91684165567815867e+00 9.99553049411451733e-01 
2.15473854352005345e+00 4.91684165567815867e+00 9.99553050501260087e-01 
1.94430580593272939e+00 4.91684165567815867e+00 9.99553051475840726e-01 
1.73387306834540533e+00 4.91684165567815867e+00 9.99553052335194092e-01 
1.52344033075808127e+00 4.91684165567815867e+00 9.99553053079320852e-01 
1.31300759317075721e+00 4.91684165567815867e+00 9.99553053708221118e-01 
1.10257485558343316e+00 4.91684165567815867e+00 9.99553054221895332e-01 
8.92142117996108985e-01 4.91684165567815867e+00 9.99553054620343939e-01 
6.81709380408784815e-01 4.91684165567815867e+00 9.99553054903566718e-01 
4.71276642821460645e-01 4.91684165567815867e+00 9.99553055071564223e-01 
2.60843905234136475e-01 4.91684165567815867e+00 9.99553055124336343e-01 
5.04111676468123326e-02 4.91684165567815867e+00 9.99553055061882967e-01 
-1.60021569940511810e-01 4.91684165567815867e+00 9.99553054884204428e-01 
-3.70454307527835924e-01 4.91684165567815867e+00 9.99553054591300283e-01 
-5.80887045115160094e-01 4.91684165567815867e+00 9.99553054183170420e-01 
-7.91319782702484265e-01 4.91684165567815867e+00 9.99553053659814728e-01 
-1.00175252028980832e+00 4.91684165567815867e+00 9.99553053021232873e-01 
-1.21218525787713238e+00 4.91684165567815867e+00 9.99553052267424524e-01 
-1.42261799546445644e+00 4.91684165567815867e+00 9.99553051398389236e-01 
-1.63305073305178050e+00 4.91684165567815867e+00 9.99553050414126676e-01 
-1.84348347063910456e+00 4.91684165567815867e+00 9.99553049314636066e-01 
-2.05391620822642862e+00 4.91684165567815867e+00 9.99553048099917074e-01 
-2.26434894581375268e+00 4.91684165567815867e+00 9.99553046769968923e-01 
-2.47478168340107674e+00 4.91684165567815867e+00 9.99553045324790945e-01 
-2.68521442098840080e+00 4.91684165567815867e+00 9.99553043764382254e-01 

3.41733496904399781e+00 4.34359781133709166e+00 9.97746255951018624e-01 
3.20690223145667375e+00 4.34359781133709166e+00 9.97746264238007941e-01 
2.99646949386934969e+00 4.34359781133709166e+00 9.97746271965567644e-01 
2.78603675628202563e+00 4.34359781133709166e+00 9.97746279133701175e-01 
2.57560401869470157e+00 4.34359781133709166e+00 9.97746285742411532e-01 
2.36517128110737751e+00 4.34359781133709166e+00 9.97746291791701156e-01 
2.15473854352005345e+00 4.34359781133709166e+00 9.97746297281572825e-01 
1.94430580593272939e+00 4.34359781133709166e+00 9.97746302212028757e-01 
1.73387306834540533e+00 4.34359781133709166e+00 9.97746306583070730e-01 
1.52344033075808127e+00 4.34359781133709166e+00 9.97746310394700742e-01 
1.31300759317075721e+00 4.34359781133709166e+00 9.97746313646920235e-01 
1.10257485558343316e+00 4.34359781133709166e+00 9.97746316339730654e-01 
8.92142117996108985e-01 4.34359781133709166e+00 9.97746318473132776e-01 
6.81709380408784815e-01 4.34359781133709166e+00 9.97746320047127710e-01 
4.71276642821460645e-01 4.34359781133709166e+00 9.97746321061715902e-01 
2.60843905234136475e-01 4.34359781133709166e+00 9.97746321516897794e-01 
5.04111676468123326e-02 4.34359781133709166e+00 9.97746321412673387e-01 
-1.60021569940511810e-01 4.34359781133709166e+00 9.97746320749042681e-01 
-3.70454307527835924e-01 4.34359781133709166e+00 9.97746319526005343e-01 
-5.80887045115160094e-01 4.34359781133709166e+00 9.97746317743560596e-01 
-7.91319782702484265e-01 4.34359781133709166e+00 9.97746315401707773e-01 
-1.00175252028980832e+00 4.34359781133709166e+00 9.97746312500445764e-01 
-1.21218525787713238e+00 4.34359781133709166e+00 9.97746309039773238e-01 
-1.42261799546445644e+00 4.34359781133709166e+00 9.97746305019688640e-01 
-1.63305073305178050e+00 4.34359781133709166e+00 9.97746300440190304e-01 
-1.84348347063910456e+00 4.34359781133709166e+00 9.97746295301276120e-01 
-2.05391620822642862e+00 4.34359781133709166e+00 9.97746289602943870e-01 
-2.26434894581375268e+00 4.34359781133709166e+00 9.97746283345191110e-01 
-2.47478168340107674e+00 4.34359781133709166e+00 9.97746276528014953e-01 
-2.68521442098840080e+00 4.34359781133709166e+00 9.97746269151412735e-01 

3.41733496904399781e+00 3.77035396699602465e+00 9.73541377086235560e-01 
3.20690223145667375e+00 3.77035396699602465e+00 9.73541439347328508e-01 
2.99646949386934969e+00 3.77035396699602465e+00 9.73541497461068994e-01 
2.78603675628202563e+00 3.77035396699602465e+00 9.73541551427459240e-01 
2.57560401869470157e+00 3.77035396699602465e+00 9.73541601246501909e-01 
2.36517128110737751e+00 3.77035396699602465e+00 9.73541646918199222e-01 
2.15473854352005345e+00 3.77035396699602465e+00 9.73541688442552955e-01 
1.94430580593272939e+00 3.77035396699602465e+00 9.73541725819564996e-01 
1.73387306834540533e+00 3.77035396699602465e+00 9.73541759049236122e-01 
1.52344033075808127e+00 3.77035396699602465e+00 9.73541788131568220e-01 
1.31300759317075721e+00 3.77035396699602465e+00 9.73541813066561734e-01 
1.10257485558343316e+00 3.77035396699602465e+00 9.73541833854216998e-01 
8.92142117996108985e-01 3.77035396699602465e+00 9.73541850494534899e-01 
6.81709380408784815e-01 3.77035396699602465e+00 9.73541862987514328e-01 
4.71276642821460645e-01 3.77035396699602465e+00 9.73541871333155839e-01 
2.60843905234136475e-01 3.77035396699602465e+00 9.73541875531458656e-01 
5.04111676468123326e-02 3.77035396699602465e+00 9.73541875582421889e-01 
-1.60021569940511810e-01 3.77035396699602465e+00 9.73541871486044763e-01 
-3.70454307527835924e-01 3.77035396699602465e+00 9.73541863242325389e-01 
-5.80887045115160094e-01 3.77035396699602465e+00 9.73541850851262103e-01 
-7.91319782702484265e-01 3.77035396699602465e+00 9.73541834312853016e-01 
-1.00175252028980832e+00 3.77035396699602465e+00 9.73541813627096242e-01 
-1.21218525787713238e+00 3.77035396699602465e+00 9.73541788793989116e-01 
-1.42261799546445644e+00 3.77035396699602465e+00 9.73541759813528529e-01 
-1.63305073305178050e+00 3.77035396699602465e+00 9.73541726685711817e-01 
-1.84348347063910456e+00 3.77035396699602465e+00 9.73541689410535316e-01 
-2.05391620822642862e+00 3.77035396699602465e+00 9.73541647987995473e-01 
-2.26434894581375268e+00 3.77035396699602465e+00 9.73541602418088958e-01 
-2.47478168340107674e+00 3.77035396699602465e+00 9.73541552700810775e-01 
-2.68521442098840080e+00 3.77035396699602465e+00 9.73541498836157038e-01 

3.41733496904399781e+00 3.19711012265495764e+00 7.20505548001427298e-01 
3.20690223145667375e+00 3.19711012265495764e+00 7.20505632982293198e-01 
2.99646949386934969e+00 3.19711012265495764e+00 7.20505710887454187e-01 
2.78603675628202563e+00 3.19711012265495764e+00 7.20505781716871407e-01 
2.57560401869470157e+00 3.19711012265495764e+00 7.20505845470511108e-01 
2.36517128110737751e+00 3.19711012265495764e+00 7.20505902148335431e-01 
2.15473854352005345e+00 3.19711012265495764e+00 7.20505951750314733e-01 
1.94430580593272939e+00 3.19711012265495764e+00 7.20505994276420814e-01 
1.73387306834540533e+00 3.19711012265495764e+00 7.20506029726628250e-01 
1.52344033075808127e+00 3.19711012265495764e+00 7.20506058100914171e-01 
1.31300759317075721e+00 3.19711012265495764e+00 7.20506079399256483e-01 
1.10257485558343316e+00 3.19711012265495764e+00 7.20506093621639643e-01 
8.92142117996108985e-01 3.19711012265495764e+00 7.20506100768047553e-01 
6.81709380408784815e-01 3.19711012265495764e+00 7.20506100838465779e-01 
4.71276642821460645e-01 3.19711012265495764e+00 7.20506093832888328e-01 
2.60843905234136475e-01 3.19711012265495764e+00 7.20506079751304984e-01 
5.04111676468123326e-02 3.19711012265495764e+00 7.20506058593714194e-01 
-1.60021569940511810e-01 3.19711012265495764e+00 7.20506030360112959e-01 
-3.70454307527835924e-01 3.19711012265495764e+00 7.20505995050498949e-01 
-5.80887045115160094e-01 3.19711012265495764e+00 7.20505952664878824e-01 
-7.91319782702484265e-01 3.19711012265495764e+00 7.20505903203257470e-01 
-1.00175252028980832e+00 3.19711012265495764e+00 7.20505846665644434e-01 
-1.21218525787713238e+00 3.19711012265495764e+00 7.20505783052052151e-01 
-1.42261799546445644e+00 3.19711012265495764e+00 7.20505712362492945e-01 
-1.63305073305178050e+00 3.19711012265495764e+00 7.20505634596982469e-01 
-1.84348347063910456e+00 3.19711012265495764e+00 7.20505549755541930e-01 
-2.05391620822642862e+00 3.19711012265495764e+00 7.20505457838193641e-01 
-2.26434894581375268e+00 3.19711012265495764e+00 7.20505358844959920e-01 
-2.47478168340107674e+00 3.19711012265495764e+00 7.20505252775871519e-01 
-2.68521442098840080e+00 3.19711012265495764e+00 7.20505139630956859e-01 

3.41733496904399781e+00 2.62386627831389063e+00 1.63621536363347420e-01 
3.20690223145667375e+00 2.62386627831389063e+00 1.63621291550867853e-01 
2.99646949386934969e+00 2.62386627831389063e+00 1.63621059067408703e-01 
2.78603675628202563e+00 2.62386627831389063e+00 1.63620838913018096e-01 
2.57560401869470157e+00 2.62386627831389063e+00 1.63620631087743773e-01 
2.36517128110737751e+00 2.62386627831389063e+00 1.63620435591625979e-01 
2.15473854352005345e+00 2.62386627831389063e+00 1.63620252424705181e-01 
1.94430580593272939e+00 2.62386627831389063e+00 1.63620081587020239e-01 
1.73387306834540533e+00 2.62386627831389063e+00 1.63619923078600737e-01 
1.52344033075808127e+00 2.62386627831389063e+00 1.63619776899480984e-01 
1.31300759317075721e+00 2.62386627831389063e+00 1.63619643049685293e-01 
1.10257485558343316e+00 2.62386627831389063e+00 1.63619521529241807e-01 
8.92142117996108985e-01 2.62386627831389063e+00 1.63619412338172510e-01 
6.81709380408784815e-01 2.62386627831389063e+00 1.63619315476493832e-01 
4.71276642821460645e-01 2.62386627831389063e+00 1.63619230944222316e-01 
2.60843905234136475e-01 2.62386627831389063e+00 1.63619158741374449e-01 
5.04111676468123326e-02 2.62386627831389063e+00 1.63619098867957224e-01 
-1.60021569940511810e-01 2.62386627831389063e+00 1.63619051323977860e-01 
-3.70454307527835924e-01 2.62386627831389063e+00 1.63619016109441795e-01 
-5.80887045115160094e-01 2.62386627831389063e+00 1.63618993224350473e-01 
-7.91319782702484265e-01 2.62386627831389063e+00 1.63618982668702229e-01 
-1.00175252028980832e+00 2.62386627831389063e+00 1.63618984442494009e-01 
-1.21218525787713238e+00 2.62386627831389063e+00 1.63618998545715599e-01 
-1.42261799546445644e+00 2.62386627831389063e+00 1.63619024978359950e-01 
-1.63305073305178050e+00 2.62386627831389063e+00 1.63619063740410131e-01 
-1.84348347063910456e+00 2.62386627831389063e+00 1.63619114831852097e-01 
-2.05391620822642862e+00 2.62386627831389063e+00 1.63619178252669306e-01 
-2.26434894581375268e+00 2.62386627831389063e+00 1.63619254002834946e-01 
-2.47478168340107674e+00 2.62386627831389063e+00 1.63619342082326313e-01 
-2.68521442098840080e+00 2.62386627831389063e+00 1.63619442491115263e-01 

3.41733496904399781e+00 2.05062243397282362e+00 1.11529844063491534e-02 
3.20690223145667375e+00 2.05062243397282362e+00 1.11529300041677271e-02 
2.99646949386934969e+00 2.05062243397282362e+00 1.11528784391855540e-02 
2.78603675628202563e+00 2.05062243397282362e+00 1.11528297113862029e-02 
2.57560401869470157e+00 2.05062243397282362e+00 1.11527838207525765e-02 
2.36517128110737751e+00 2.05062243397282362e+00 1.11527407672697976e-02 
2.15473854352005345e+00 2.05062243397282362e+00 1.11527005509226007e-02 
1.94430580593272939e+00 2.05062243397282362e+00 1.11526631716976632e-02 
1.73387306834540533e+00 2.05062243397282362e+00 1.11526286295819954e-02 
1.52344033075808127e+00 2.05062243397282362e+00 1.11525969245638845e-02 
1.31300759317075721e+00 2.05062243397282362e+00 1.11525680566326169e-02 
1.10257485558343316e+00 2.05062243397282362e+00 1.11525420257781449e-02 
8.92142117996108985e-01 2.05062243397282362e+00 1.11525188319909208e-02 
6.81709380408784815e-01 2.05062243397282362e+00 1.11524984752628398e-02 
4.71276642821460645e-01 2.05062243397282362e+00 1.11524809555869631e-02 
2.60843905234136475e-01 2.05062243397282362e+00 1.11524662729567958e-02 
5.04111676468123326e-02 2.05062243397282362e+00 1.11524544273668980e-02 
-1.60021569940511810e-01 2.05062243397282362e+00 1.11524454188122735e-02 
-3.70454307527835924e-01 2.05062243397282362e+00 1.11524392472898692e-02 
-5.80887045115160094e-01 2.05062243397282362e+00 1.11524359127968542e-02 
-7.91319782702484265e-01 2.05062243397282362e+00 1.11524354153312300e-02 
-1.00175252028980832e+00 2.05062243397282362e+00 1.11524377548922193e-02 
-1.21218525787713238e+00 2.05062243397282362e+00 1.11524429314798224e-02 
-1.42261799546445644e+00 2.05062243397282362e+00 1.11524509450947606e-02 
-1.63305073305178050e+00 2.05062243397282362e+00 1.11524617957394767e-02 
-1.84348347063910456e+00 2.05062243397282362e+00 1.11524754834160245e-02 
-2.05391620822642862e+00 2.05062243397282362e+00 1.11524920081286782e-02 
-2.26434894581375268e+00 2.05062243397282362e+00 1.11525113698818235e-02 
-2.47478168340107674e+00 2.05062243397282362e+00 1.11525335686805116e-02 
-2.68521442098840080e+00 2.05062243397282362e+00 1.11525586045316816e-02 

3.41733496904399781e+00 1.47737858963175661e+00 1.11271245894500881e-03 
3.20690223145667375e+00 1.47737858963175661e+00 1.11270510383626453e-03 
2.99646949386934969e+00 1.47737858963175661e+00 1.11269813030462350e-03 
2.78603675628202563e+00 1.47737858963175661e+00 1.11269153834547829e-03 
2.57560401869470157e+00 1.47737858963175661e+00 1.11268532795422148e-03 
2.36517128110737751e+00 1.47737858963175661e+00 1.11267949912663422e-03 
2.15473854352005345e+00 1.47737858963175661e+00 1.11267405185871970e-03 
1.94430580593272939e+00 1.47737858963175661e+00 1.11266898614675869e-03 
1.73387306834540533e+00 1.47737858963175661e+00 1.11266430198725397e-03 
1.52344033075808127e+00 1.47737858963175661e+00 1.11265999937698590e-03 
1.31300759317075721e+00 1.47737858963175661e+00 1.11265607831301239e-03 
1.10257485558343316e+00 1.47737858963175661e+00 1.11265253879266890e-03 
8.92142117996108985e-01 1.47737858963175661e+00 1.11264938081334641e-03 
6.81709380408784815e-01 1.47737858963175661e+00 1.11264660437310203e-03 
4.71276642821460645e-01 1.47737858963175661e+00 1.11264420946977083e-03 
2.60843905234136475e-01 1.47737858963175661e+00 1.11264219610179849e-03 
5.04111676468123326e-02 1.47737858963175661e+00 1.11264056426774172e-03 
-1.60021569940511810e-01 1.47737858963175661e+00 1.11263931396632376e-03 
-3.70454307527835924e-01 1.47737858963175661e+00 1.11263844519676747e-03 
-5.80887045115160094e-01 1.47737858963175661e+00 1.11263795795840670e-03 
-7.91319782702484265e-01 1.47737858963175661e+00 1.11263785225085288e-03 
-1.00175252028980832e+00 1.47737858963175661e+00 1.11263812807382845e-03 
-1.21218525787713238e+00 1.47737858963175661e+00 1.11263878542761097e-03 
-1.42261799546445644e+00 1.47737858963175661e+00 1.11263982431242248e-03 
-1.63305073305178050e+00 1.47737858963175661e+00 1.11264124472904014e-03 
-1.84348347063910456e+00 1.47737858963175661e+00 1.11264304667829661e-03 
-2.05391620822642862e+00 1.47737858963175661e+00 1.11264523016124661e-03 
-2.26434894581375268e+00 1.47737858963175661e+00 1.11264779517938894e-03 
-2.47478168340107674e+00 1.47737858963175661e+00 1.11265074173433343e-03 
-2.68521442098840080e+00 1.47737858963175661e+00 1.11265406982802295e-03 

3.41733496904399781e+00 9.04134745290689601e-01 3.30630771643303234e-04 
3.20690223145667375e+00 9.04134745290689601e-01 3.30628585498260463e-04 
2.99646949386934969e+00 9.04134745290689601e-01 3.30626512068998846e-04 
2.78603675628202563e+00 9.04134745290689601e-01 3.30624551354019580e-04 
2.57560401869470157e+00 9.04134745290689601e-01 3.30622703351879377e-04 
2.36517128110737751e+00 9.04134745290689601e-01 3.30620968061134946e-04 
2.15473854352005345e+00 9.04134745290689601e-01 3.30619345480509530e-04 
1.94430580593272939e+00 9.04134745290689601e-01 3.30617835608892907e-04 
1.73387306834540533e+00 9.04134745290689601e-01 3.30616438445063832e-04 
1.52344033075808127e+00 9.04134745290689601e-01 3.30615153987967592e-04 
1.31300759317075721e+00 9.04134745290689601e-01 3.30613982236660497e-04 
1.10257485558343316e+00 9.04134745290689601e-01 3.30612923190309882e-04 
8.92142117996108985e-01 9.04134745290689601e-01 3.30611976848138589e-04 
6.81709380408784815e-01 9.04134745290689601e-01 3.30611143209313951e-04 
4.71276642821460645e-01 9.04134745290689601e-01 3.30610422273336368e-04 
2.60843905234136475e-01 9.04134745290689601e-01 3.30609814039539707e-04 
5.04111676468123326e-02 9.04134745290689601e-01 3.30609318507535388e-04 
-1.60021569940511810e-01 9.04134745290689601e-01 3.30608935676934834e-04 
-3.70454307527835924e-01 9.04134745290689601e-01 3.30608665547460490e-04 
-5.80887045115160094e-01 9.04134745290689601e-01 3.30608508118834798e-04 
-7.91319782702484265e-01 9.04134745290689601e-01 3.30608463390946739e-04 
-1.00175252028980832e+00 9.04134745290689601e-01 3.30608531363740799e-04 
-1.21218525787713238e+00 9.04134745290689601e-01 3.30608712037272490e-04 
-1.42261799546445644e+00 9.04134745290689601e-01 3.30609005411597323e-04 
-1.63305073305178050e+00 9.04134745290689601e-01 3.30609411487048366e-04 
-1.84348347063910456e+00 9.04134745290689601e-01 3.30609930263736640e-04 
-2.05391620822642862e+00 9.04134745290689601e-01 3.30610561742106235e-04 
-2.26434894581375268e+00 9.04134745290689601e-01 3.30611305922601240e-04 
-2.47478168340107674e+00 9.04134745290689601e-01 3.30612162805776766e-04 
-2.68521442098840080e+00 9.04134745290689601e-01 3.30613132392187925e-04 

3.41733496904399781e+00 3.30890900949622591e-01 2.10127226211942464e-04 
3.20690223145667375e+00 3.30890900949622591e-01 2.10125890500401091e-04 
2.99646949386934969e+00 3.30890900949622591e-01 2.10124623486296347e-04 
2.78603675628202563e+00 3.30890900949622591e-01 2.10123425168684541e-04 
2.57560401869470157e+00 3.30890900949622591e-01 2.10122295546677496e-04 
2.36517128110737751e+00 3.30890900949622591e-01 2.10121234619442543e-04 
2.15473854352005345e+00 3.30890900949622591e-01 2.10120242386258038e-04 
1.94430580593272939e+00 3.30890900949622591e-01 2.10119318846291314e-04 
1.73387306834540533e+00 3.30890900949622591e-01 2.10118463998987259e-04 
1.52344033075808127e+00 3.30890900949622591e-01 2.10117677843624229e-04 
1.31300759317075721e+00 3.30890900949622591e-01 2.10116960379647111e-04 
1.10257485558343316e+00 3.30890900949622591e-01 2.10116311606500794e-04 
8.92142117996108985e-01 3.30890900949622591e-01 2.10115731523796700e-04 
6.81709380408784815e-01 3.30890900949622591e-01 2.10115220130979719e-04 
4.71276642821460645e-01 3.30890900949622591e-01 2.10114777427772292e-04 
2.60843905234136475e-01 3.30890900949622591e-01 2.10114403413785844e-04 
5.04111676468123326e-02 3.30890900949622591e-01 2.10114098088798329e-04 
-1.60021569940511810e-01 3.30890900949622591e-01 2.10113861452476680e-04 
-3.70454307527835924e-01 3.30890900949622591e-01 2.10113693504709875e-04 
-5.80887045115160094e-01 3.30890900949622591e-01 2.10113594245331381e-04 
-7.91319782702484265e-01 3.30890900949622591e-01 2.10113563674285686e-04 
-1.00175252028980832e+00 3.30890900949622591e-01 2.10113601791572790e-04 
-1.21218525787713238e+00 3.30890900949622591e-01 2.10113708597081672e-04 
-1.42261799546445644e+00 3.30890900949622591e-01 2.10113884091034375e-04 
-1.63305073305178050e+00 3.30890900949622591e-01 2.10114128273430900e-04 
-1.84348347063910456e+00 3.30890900949622591e-01 2.10114441144437780e-04 
-2.05391620822642862e+00 3.30890900949622591e-01 2.10114822704388082e-04 
-2.26434894581375268e+00 3.30890900949622591e-01 2.10115272953392829e-04 
-2.47478168340107674e+00 3.30890900949622591e-01 2.10115791891896109e-04 
-2.68521442098840080e+00 3.30890900949622591e-01 2.10116379520175478e-04 

3.41733496904399781e+00 -2.42352943391444420e-01 1.91652774929274017e-04 
3.20690223145667375e+00 -2.42352943391444420e-01 1.91651505897283414e-04 
2.99646949386934969e+00 -2.42352943391444420e-01 1.91650302335699685e-04 
2.78603675628202563e+00 -2.42352943391444420e-01 1.91649164243523629e-04 
2.57560401869470157e+00 -2.42352943391444420e-01 1.91648091619978089e-04 
2.36517128110737751e+00 -2.42352943391444420e-01 1.91647084464174888e-04 
2.15473854352005345e+00 -2.42352943391444420e-01 1.91646142775336870e-04 
1.94430580593272939e+00 -2.42352943391444420e-01 1.91645266552742388e-04 
1.73387306834540533e+00 -2.42352943391444420e-01 1.91644455795780821e-04 
1.52344033075808127e+00 -2.42352943391444420e-01 1.91643710503675013e-04 
1.31300759317075721e+00 -2.42352943391444420e-01 1.91643030675980874e-04 
1.10257485558343316e+00 -2.42352943391444420e-01 1.91642416312143293e-04 
8.92142117996108985e-01 -2.42352943391444420e-01 1.91641867411662670e-04 
6.81709380408784815e-01 -2.42352943391444420e-01 1.91641383974094914e-04 
4.71276642821460645e-01 -2.42352943391444420e-01 1.91640965999106960e-04 
2.60843905234136475e-01 -2.42352943391444420e-01 1.91640613486310230e-04 
5.04111676468123326e-02 -2.42352943391444420e-01 1.91640326435482677e-04 
-1.60021569940511810e-01 -2.42352943391444420e-01 1.91640104846346748e-04 
-3.70454307527835924e-01 -2.42352943391444420e-01 1.91639948718735909e-04 
-5.80887045115160094e-01 -2.42352943391444420e-01 1.91639858052539136e-04 
-7.91319782702484265e-01 -2.42352943391444420e-01 1.91639832847645408e-04 
-1.00175252028980832e+00 -2.42352943391444420e-01 1.91639873104054725e-04 
-1.21218525787713238e+00 -2.42352943391444420e-01 1.91639978821711576e-04 
-1.42261799546445644e+00 -2.42352943391444420e-01 1.91640150000782494e-04 
-1.63305073305178050e+00 -2.42352943391444420e-01 1.91640386641322991e-04 
-1.84348347063910456e+00 -2.42352943391444420e-01 1.91640688743555110e-04 
-2.05391620822642862e+00 -2.42352943391444420e-01 1.91641056307589874e-04 
-2.26434894581375268e+00 -2.42352943391444420e-01 1.91641489333815862e-04 
-2.47478168340107674e+00 -2.42352943391444420e-01 1.91641987822455118e-04 
-2.68521442098840080e+00 -2.42352943391444420e-01 1.91642551773896219e-04 

3.41733496904399781e+00 -8.15596787732511430e-01 2.12825842045294422e-04 
3.20690223145667375e+00 -8.15596787732511430e-01 2.12824170563674642e-04 
2.99646949386934969e+00 -8.15596787732511430e-01 2.12822586299232785e-04 
2.78603675628202563e+00 -8.15596787732511430e-01 2.12821089250414541e-04 
2.57560401869470157e+00 -8.15596787732511430e-01 2.12819679415943153e-04 
2.36517128110737751e+00 -8.15596787732511430e-01 2.12818356794486352e-04 
2.15473854352005345e+00 -8.15596787732511430e-01 2.12817121384822894e-04 
1.94430580593272939e+00 -8.15596787732511430e-01 2.12815973185787044e-04 
1.73387306834540533e+00 -8.15596787732511430e-01 2.12814912196435113e-04 
1.52344033075808127e+00 -8.15596787732511430e-01 2.12813938415656878e-04 
1.31300759317075721e+00 -8.15596787732511430e-01 2.12813051842619672e-04 
1.10257485558343316e+00 -8.15596787732511430e-01 2.12812252476546337e-04 
8.92142117996108985e-01 -8.15596787732511430e-01 2.12811540316604209e-04 
6.81709380408784815e-01 -8.15596787732511430e-01 2.12810915362182662e-04 
4.71276642821460645e-01 -8.15596787732511430e-01 2.12810377612726587e-04 
2.60843905234136475e-01 -8.15596787732511430e-01 2.12809927067625360e-04 
5.04111676468123326e-02 -8.15596787732511430e-01 2.12809563726545914e-04 
-1.60021569940511810e-01 -8.15596787732511430e-01 2.12809287589099672e-04 
-3.70454307527835924e-01 -8.15596787732511430e-01 2.12809098655009077e-04 
-5.80887045115160094e-01 -8.15596787732511430e-01 2.12808996924052085e-04 
-7.91319782702484265e-01 -8.15596787732511430e-01 2.12808982396228696e-04 
-1.00175252028980832e+00 -8.15596787732511430e-01 2.12809055071372377e-04 
-1.21218525787713238e+00 -8.15596787732511430e-01 2.12809214949594150e-04 
-1.42261799546445644e+00 -8.15596787732511430e-01 2.12809462031005037e-04 
-1.63305073305178050e+00 -8.15596787732511430e-01 2.12809796315827082e-04 
-1.84348347063910456e+00 -8.15596787732511430e-01 2.12810217804282331e-04 
-2.05391620822642862e+00 -8.15596787732511430e-01 2.12810726496759361e-04 
-2.26434894581375268e+00 -8.15596787732511430e-01 2.12811322393702262e-04 
-2.47478168340107674e+00 -8.15596787732511430e-01 2.12812005495610634e-04 
-2.68521442098840080e+00 -8.15596787732511430e-01 2.12812775803039589e-04 

3.41733496904399781e+00 -1.38884063207357844e+00 3.28297315730419204e-04 
3.20690223145667375e+00 -1.38884063207357844e+00 3.28293826153569501e-04 
2.99646949386934969e+00 -1.38884063207357844e+00 3.28290522635832360e-04 
2.78603675628202563e+00 -1.38884063207357844e+00 3.28287405173044444e-04 
2.57560401869470157e+00 -1.38884063207357844e+00 3.28284473761430995e-04 
2.36517128110737751e+00 -1.38884063207357844e+00 3.28281728397328276e-04 
2.15473854352005345e+00 -1.38884063207357844e+00 3.28279169077461130e-04 
1.94430580593272939e+00 -1.38884063207357844e+00 3.28276795798609911e-04 
1.73387306834540533e+00 -1.38884063207357844e+00 3.28274608557832526e-04 
1.52344033075808127e+00 -1.38884063207357844e+00 3.28272607352408929e-04 
1.31300759317075721e+00 -1.38884063207357844e+00 3.28270792179896631e-04 
1.10257485558343316e+00 -1.38884063207357844e+00 3.28269163038075185e-04 
8.92142117996108985e-01 -1.38884063207357844e+00 3.28267719924779655e-04 
6.81709380408784815e-01 -1.38884063207357844e+00 3.28266462838344708e-04 
4.71276642821460645e-01 -1.38884063207357844e+00 3.28265391777049498e-04 
2.60843905234136475e-01 -1.38884063207357844e+00 3.28264506739672779e-04 
5.04111676468123326e-02 -1.38884063207357844e+00 3.28263807724937795e-04 
-1.60021569940511810e-01 -1.38884063207357844e+00 3.28263294732011879e-04 
-3.70454307527835924e-01 -1.38884063207357844e+00 3.28262967760228896e-04 
-5.80887045115160094e-01 -1.38884063207357844e+00 3.28262826809033736e-04 
-7.91319782702484265e-01 -1.38884063207357844e+00 3.28262871878259865e-04 
-1.00175252028980832e+00 -1.38884063207357844e+00 3.28263102967851772e-04 
-1.21218525787713238e+00 -1.38884063207357844e+00 3.28263520078031501e-04 
-1.42261799546445644e+00 -1.38884063207357844e+00 3.28264123209243142e-04 
-1.63305073305178050e+00 -1.38884063207357844e+00 3.28264912362041805e-04 
-1.84348347063910456e+00 -1.38884063207357844e+00 3.28265887537482204e-04 
-2.05391620822642862e+00 -1.38884063207357844e+00 3.28267048736508027e-04 
-2.26434894581375268e+00 -1.38884063207357844e+00 3.28268395960562565e-04 
-2.47478168340107674e+00 -1.38884063207357844e+00 3.28269929211144618e-04 
-2.68521442098840080e+00 -1.38884063207357844e+00 3.28271648489975032e-04 

3.41733496904399781e+00 -1.96208447641464545e+00 1.47486754638842532e-03 
3.20690223145667375e+00 -1.96208447641464545e+00 1.47484641487510837e-03 
2.99646949386934969e+00 -1.96208447641464545e+00 1.47482644102958638e-03 
2.78603675628202563e+00 -1.96208447641464545e+00 1.47480762482216088e-03 
2.57560401869470157e+00 -1.96208447641464545e+00 1.47478996622435465e-03 
2.36517128110737751e+00 -1.96208447641464545e+00 1.47477346520991093e-03 
2.15473854352005345e+00 -1.96208447641464545e+00 1.47475812175357213e-03 
1.94430580593272939e+00 -1.96208447641464545e+00 1.47474393583235663e-03 
1.73387306834540533e+00 -1.96208447641464545e+00 1.47473090742478163e-03 
1.52344033075808127e+00 -1.96208447641464545e+00 1.47471903651091862e-03 
1.31300759317075721e+00 -1.96208447641464545e+00 1.47470832307289301e-03 
1.10257485558343316e+00 -1.96208447641464545e+00 1.47469876709410697e-03 
8.92142117996108985e-01 -1.96208447641464545e+00 1.47469036855990554e-03 
6.81709380408784815e-01 -1.96208447641464545e+00 1.47468312745729913e-03 
4.71276642821460645e-01 -1.96208447641464545e+00 1.47467704377479691e-03 
2.60843905234136475e-01 -1.96208447641464545e+00 1.47467211750273997e-03 
5.04111676468123326e-02 -1.96208447641464545e+00 1.47466834863330121e-03 
-1.60021569940511810e-01 -1.96208447641464545e+00 1.47466573716026339e-03 
-3.70454307527835924e-01 -1.96208447641464545e+00 1.47466428307885256e-03 
-5.80887045115160094e-01 -1.96208447641464545e+00 1.47466398638629315e-03 
-7.91319782702484265e-01 -1.96208447641464545e+00 1.47466484708141943e-03 
-1.00175252028980832e+00 -1.96208447641464545e+00 1.47466686516456447e-03 
-1.21218525787713238e+00 -1.96208447641464545e+00 1.47467004063811524e-03 
-1.42261799546445644e+00 -1.96208447641464545e+00 1.47467437350584651e-03 
-1.63305073305178050e+00 -1.96208447641464545e+00 1.47467986377314286e-03 
-1.84348347063910456e+00 -1.96208447641464545e+00 1.47468651144760932e-03 
-2.05391620822642862e+00 -1.96208447641464545e+00 1.47469431653801664e-03 
-2.26434894581375268e+00 -1.96208447641464545e+00 1.47470327905496745e-03 
-2.47478168340107674e+00 -1.96208447641464545e+00 1.47471339901089626e-03 
-2.68521442098840080e+00 -1.96208447641464545e+00 1.47472467641968086e-03 

3.41733496904399781e+00 -2.53532832075571246e+00 7.02536552585856788e-02 
3.20690223145667375e+00 -2.53532832075571246e+00 7.02531312968562860e-02 
2.99646949386934969e+00 -2.53532832075571246e+00 7.02526354527157060e-02 
2.78603675628202563e+00 -2.53532832075571246e+00 7.02521677262500921e-02 
2.57560401869470157e+00 -2.53532832075571246e+00 7.02517281175313868e-02 
2.36517128110737751e+00 -2.53532832075571246e+00 7.02513166266258704e-02 
2.15473854352005345e+00 -2.53532832075571246e+00 7.02509332535969921e-02 
1.94430580593272939e+00 -2.53532832075571246e+00 7.02505779984921586e-02 
1.73387306834540533e+00 -2.53532832075571246e+00 7.02502508613563337e-02 
1.52344033075808127e+00 -2.53532832075571246e+00 7.02499518422296521e-02 
1.31300759317075721e+00 -2.53532832075571246e+00 7.02496809411373713e-02 
1.10257485558343316e+00 -2.53532832075571246e+00 7.02494381581024729e-02 
8.92142117996108985e-01 -2.53532832075571246e+00 7.02492234931427761e-02 
6.81709380408784815e-01 -2.53532832075571246e+00 7.02490369462593356e-02 
4.71276642821460645e-01 -2.53532832075571246e+00 7.02488785174564812e-02 
2.60843905234136475e-01 -2.53532832075571246e+00 7.02487482067238322e-02 
5.04111676468123326e-02 -2.53532832075571246e+00 7.02486460140428481e-02 
-1.60021569940511810e-01 -2.53532832075571246e+00 7.02485719393965424e-02 
-3.70454307527835924e-01 -2.53532832075571246e+00 7.02485259827467234e-02 
-5.80887045115160094e-01 -2.53532832075571246e+00 7.02485081440595294e-02 
-7.91319782702484265e-01 -2.53532832075571246e+00 7.02485184232924387e-02 
-1.00175252028980832e+00 -2.53532832075571246e+00 7.02485568203817801e-02 
-1.21218525787713238e+00 -2.53532832075571246e+00 7.02486233352769274e-02 
-1.42261799546445644e+00 -2.53532832075571246e+00 7.02487179679014972e-02 
-1.63305073305178050e+00 -2.53532832075571246e+00 7.02488407181856012e-02 
-1.84348347063910456e+00 -2.53532832075571246e+00 7.02489915860399772e-02 
-2.05391620822642862e+00 -2.53532832075571246e+00 7.02491705713775838e-02 
-2.26434894581375268e+00 -2.53532832075571246e+00 7.02493776741041076e-02 
-2.47478168340107674e+00 -2.53532832075571246e+00 7.02496128941023090e-02 
-2.68521442098840080e+00 -2.53532832075571246e+00 7.02498762312684377e-02 

3.41733496904399781e+00 -3.10857216509677947e+00 8.42731186067609883e-01 
3.20690223145667375e+00 -3.10857216509677947e+00 8.42731496275615055e-01 
2.99646949386934969e+00 -3.10857216509677947e+00 8.42731780134776010e-01 
2.78603675628202563e+00 -3.10857216509677947e+00 8.42732037644812415e-01 
2.57560401869470157e+00 -3.10857216509677947e+00 8.42732268805458373e-01 
2.36517128110737751e+00 -3.10857216509677947e+00 8.42732473616469857e-01 
2.15473854352005345e+00 -3.10857216509677947e+00 8.42732652077624600e-01 
1.94430580593272939e+00 -3.10857216509677947e+00 8.42732804188714435e-01 
1.73387306834540533e+00 -3.10857216509677947e+00 8.42732929949556508e-01 
1.52344033075808127e+00 -3.10857216509677947e+00 8.42733029359981289e-01 
1.31300759317075721e+00 -3.10857216509677947e+00 8.42733102419838565e-01 
1.10257485558343316e+00 -3.10857216509677947e+00 8.42733149129006209e-01 
8.92142117996108985e-01 -3.10857216509677947e+00 8.42733169487364986e-01 
6.81709380408784815e-01 -3.10857216509677947e+00 8.42733163494832516e-01 
4.71276642821460645e-01 -3.10857216509677947e+00 8.42733131151334636e-01 
2.60843905234136475e-01 -3.10857216509677947e+00 8.42733072456819610e-01 
5.04111676468123326e-02 -3.10857216509677947e+00 8.42732987411254131e-01 
-1.60021569940511810e-01 -3.10857216509677947e+00 8.42732876014624877e-01 
-3.70454307527835924e-01 -3.10857216509677947e+00 8.42732738266939840e-01 
-5.80887045115160094e-01 -3.10857216509677947e+00 8.42732574168218784e-01 
-7.91319782702484265e-01 -3.10857216509677947e+00 8.42732383718511446e-01 
-1.00175252028980832e+00 -3.10857216509677947e+00 8.42732166917879333e-01 
-1.21218525787713238e+00 -3.10857216509677947e+00 8.42731923766402158e-01 
-1.42261799546445644e+00 -3.10857216509677947e+00 8.42731654264183949e-01 
-1.63305073305178050e+00 -3.10857216509677947e+00 8.42731358411345166e-01 
-1.84348347063910456e+00 -3.10857216509677947e+00 8.42731036208029582e-01 
-2.05391620822642862e+00 -3.10857216509677947e+00 8.42730687654389188e-01 
-2.26434894581375268e+00 -3.10857216509677947e+00 8.42730312750610500e-01 
-2.47478168340107674e+00 -3.10857216509677947e+00 8.42729911496883588e-01 
-2.68521442098840080e+00 -3.10857216509677947e+00 8.42729483893430942e-01 

3.41733496904399781e+00 -3.68181600943784648e+00 9.92392637540204792e-01 
3.20690223145667375e+00 -3.68181600943784648e+00 9.92392678153309893e-01 
2.99646949386934969e+00 -3.68181600943784648e+00 9.92392715685546545e-01 
2.78603675628202563e+00 -3.68181600943784648e+00 9.92392750136931734e-01 
2.57560401869470157e+00 -3.68181600943784648e+00 9.92392781507481225e-01 
2.36517128110737751e+00 -3.68181600943784648e+00 9.92392809797208120e-01 
2.15473854352005345e+00 -3.68181600943784648e+00 9.92392835006124296e-01 
1.94430580593272939e+00 -3.68181600943784648e+00 9.92392857134241302e-01 
1.73387306834540533e+00 -3.68181600943784648e+00 9.92392876181567241e-01 
1.52344033075808127e+00 -3.68181600943784648e+00 9.92392892148109773e-01 
1.31300759317075721e+00 -3.68181600943784648e+00 9.92392905033874562e-01 
1.10257485558343316e+00 -3.68181600943784648e+00 9.92392914838866047e-01 
8.92142117996108985e-01 -3.68181600943784648e+00 9.92392921563086672e-01 
6.81709380408784815e-01 -3.68181600943784648e+00 9.92392925206537546e-01 
4.71276642821460645e-01 -3.68181600943784648e+00 9.92392925769218115e-01 
2.60843905234136475e-01 -3.68181600943784648e+00 9.92392923251126602e-01 
5.04111676468123326e-02 -3.68181600943784648e+00 9.92392917652258899e-01 
-1.60021569940511810e-01 -3.68181600943784648e+00 9.92392908972610011e-01 
-3.70454307527835924e-01 -3.68181600943784648e+00 9.92392897212172831e-01 
-5.80887045115160094e-01 -3.68181600943784648e+00 9.92392882370939367e-01 
-7.91319782702484265e-01 -3.68181600943784648e+00 9.92392864448899292e-01 
-1.00175252028980832e+00 -3.68181600943784648e+00 9.92392843446040729e-01 
-1.21218525787713238e+00 -3.68181600943784648e+00 9.92392819362351464e-01 
-1.42261799546445644e+00 -3.68181600943784648e+00 9.92392792197816176e-01 
-1.63305073305178050e+00 -3.68181600943784648e+00 9.92392761952418434e-01 
-1.84348347063910456e+00 -3.68181600943784648e+00 9.92392728626140697e-01 
-2.05391620822642862e+00 -3.68181600943784648e+00 9.92392692218963424e-01 
-2.26434894581375268e+00 -3.68181600943784648e+00 9.92392652730865521e-01 
-2.47478168340107674e+00 -3.68181600943784648e+00 9.92392610161824118e-01 
-2.68521442098840080e+00 -3.68181600943784648e+00 9.92392564511815456e-01 

3.41733496904399781e+00 -4.25505985377891349e+00 9.98649447229389531e-01 
3.20690223145667375e+00 -4.25505985377891349e+00 9.98649453172989476e-01 
2.99646949386934969e+00 -4.25505985377891349e+00 9.98649458651778232e-01 
2.78603675628202563e+00 -4.25505985377891349e+00 9.98649463665758907e-01 
2.57560401869470157e+00 -4.25505985377891349e+00 9.98649468214934499e-01 
2.36517128110737751e+00 -4.25505985377891349e+00 9.98649472299307561e-01 
2.15473854352005345e+00 -4.25505985377891349e+00 9.98649475918880425e-01 
1.94430580593272939e+00 -4.25505985377891349e+00 9.98649479073655533e-01 
1.73387306834540533e+00 -4.25505985377891349e+00 9.98649481763634217e-01 
1.52344033075808127e+00 -4.25505985377891349e+00 9.98649483988818254e-01 
1.31300759317075721e+00 -4.25505985377891349e+00 9.98649485749208754e-01 
1.10257485558343316e+00 -4.25505985377891349e+00 9.98649487044806605e-01 
8.92142117996108985e-01 -4.25505985377891349e+00 9.98649487875612474e-01 
6.81709380408784815e-01 -4.25505985377891349e+00 9.98649488241626582e-01 
4.71276642821460645e-01 -4.25505985377891349e+00 9.98649488142849040e-01 
2.60843905234136475e-01 -4.25505985377891349e+00 9.98649487579279738e-01 
5.04111676468123326e-02 -4.25505985377891349e+00 9.98649486550917787e-01 
-1.60021569940511810e-01 -4.25505985377891349e+00 9.98649485057762742e-01 
-3.70454307527835924e-01 -4.25505985377891349e+00 9.98649483099813162e-01 
-5.80887045115160094e-01 -4.25505985377891349e+00 9.98649480677067714e-01 
-7.91319782702484265e-01 -4.25505985377891349e+00 9.98649477789524731e-01 
-1.00175252028980832e+00 -4.25505985377891349e+00 9.98649474437182216e-01 
-1.21218525787713238e+00 -4.25505985377891349e+00 9.98649470620037727e-01 
-1.42261799546445644e+00 -4.25505985377891349e+00 9.98649466338088931e-01 
-1.63305073305178050e+00 -4.25505985377891349e+00 9.98649461591332832e-01 
-1.84348347063910456e+00 -4.25505985377891349e+00 9.98649456379766098e-01 
-2.05391620822642862e+00 -4.25505985377891349e+00 9.98649450703385400e-01 
-2.26434894581375268e+00 -4.25505985377891349e+00 9.98649444562186961e-01 
-2.47478168340107674e+00 -4.25505985377891349e+00 9.98649437956166786e-01 
-2.68521442098840080e+00 -4.25505985377891349e+00 9.98649430885320433e-01 

3.41733496904399781e+00 -4.82830369811998050e+00 9.99415144390389587e-01 
3.20690223145667375e+00 -4.82830369811998050e+00 9.99415146345205674e-01 
2.99646949386934969e+00 -4.82830369811998050e+00 9.99415148143704135e-01 
2.78603675628202563e+00 -4.82830369811998050e+00 9.99415149785885859e-01 
2.57560401869470157e+00 -4.82830369811998050e+00 9.99415151271751845e-01 
2.36517128110737751e+00 -4.82830369811998050e+00 9.99415152601302648e-01 
2.15473854352005345e+00 -4.82830369811998050e+00 9.99415153774538823e-01 
1.94430580593272939e+00 -4.82830369811998050e+00 9.99415154791461369e-01 
1.73387306834540533e+00 -4.82830369811998050e+00 9.99415155652070286e-01 
1.52344033075808127e+00 -4.82830369811998050e+00 9.99415156356366463e-01 
1.31300759317075721e+00 -4.82830369811998050e+00 9.99415156904349899e-01 
1.10257485558343316e+00 -4.82830369811998050e+00 9.99415157296020817e-01 
8.92142117996108985e-01 -4.82830369811998050e+00 9.99415157531379661e-01 
6.81709380408784815e-01 -4.82830369811998050e+00 9.99415157610426430e-01 
4.71276642821460645e-01 -4.82830369811998050e+00 9.99415157533161014e-01 
2.60843905234136475e-01 -4.82830369811998050e+00 9.99415157299583301e-01 
5.04111676468123326e-02 -4.82830369811998050e+00 9.99415156909693403e-01 
-1.60021569940511810e-01 -4.82830369811998050e+00 9.99415156363490764e-01 
-3.70454307527835924e-01 -4.82830369811998050e+00 9.99415155660975163e-01 
-5.80887045115160094e-01 -4.82830369811998050e+00 9.99415154802146155e-01 
-7.91319782702484265e-01 -4.82830369811998050e+00 9.99415153787003296e-01 
-1.00175252028980832e+00 -4.82830369811998050e+00 9.99415152615545921e-01 
-1.21218525787713238e+00 -4.82830369811998050e+00 9.99415151287773362e-01 
-1.42261799546445644e+00 -4.82830369811998050e+00 9.99415149803685177e-01 
-1.63305073305178050e+00 -4.82830369811998050e+00 9.99415148163280032e-01 
-1.84348347063910456e+00 -4.82830369811998050e+00 9.99415146366557483e-01 
-2.05391620822642862e+00 -4.82830369811998050e+00 9.99415144413516199e-01 
-2.26434894581375268e+00 -4.82830369811998050e+00 9.99415142304155069e-01 
-2.47478168340107674e+00 -4.82830369811998050e+00 9.99415140038473315e-01 
-2.68521442098840080e+00 -4.82830369811998050e+00 9.99415137616469273e-01 

3.41733496904399781e+00 -5.40154754246104751e+00 9.99605437027291432e-01 
3.20690223145667375e+00 -5.40154754246104751e+00 9.99605438101269894e-01 
2.99646949386934969e+00 -5.40154754246104751e+00 9.99605439089551573e-01 
2.78603675628202563e+00 -5.40154754246104751e+00 9.99605439992136802e-01 
2.57560401869470157e+00 -5.40154754246104751e+00 9.99605440809026136e-01 
2.36517128110737751e+00 -5.40154754246104751e+00 9.99605441540219797e-01 
2.15473854352005345e+00 -5.40154754246104751e+00 9.99605442185718118e-01 
1.94430580593272939e+00 -5.40154754246104751e+00 9.99605442745521433e-01 
1.73387306834540533e+00 -5.40154754246104751e+00 9.99605443219629852e-01 
1.52344033075808127e+00 -5.40154754246104751e+00 9.99605443608043709e-01 
1.31300759317075721e+00 -5.40154754246104751e+00 9.99605443910763114e-01 
1.10257485558343316e+00 -5.40154754246104751e+00 9.99605444127788179e-01 
8.92142117996108985e-01 -5.40154754246104751e+00 9.99605444259118903e-01 
6.81709380408784815e-01 -5.40154754246104751e+00 9.99605444304755508e-01 
4.71276642821460645e-01 -5.40154754246104751e+00 9.99605444264697884e-01 
2.60843905234136475e-01 -5.40154754246104751e+00 9.99605444138946031e-01 
5.04111676468123326e-02 -5.40154754246104751e+00 9.99605443927499837e-01 
-1.60021569940511810e-01 -5.40154754246104751e+00 9.99605443630359192e-01 
-3.70454307527835924e-01 -5.40154754246104751e+00 9.99605443247524095e-01 
-5.80887045115160094e-01 -5.40154754246104751e+00 9.99605442778994102e-01 
-7.91319782702484265e-01 -5.40154754246104751e+00 9.99605442224769103e-01 
-1.00175252028980832e+00 -5.40154754246104751e+00 9.99605441584848986e-01 
-1.21218525787713238e+00 -5.40154754246104751e+00 9.99605440859233196e-01 
-1.42261799546445644e+00 -5.40154754246104751e+00 9.99605440047921512e-01 
-1.63305073305178050e+00 -5.40154754246104751e+00 9.99605439150913710e-01 
-1.84348347063910456e+00 -5.40154754246104751e+00 9.99605438168209015e-01 
-2.05391620822642862e+00 -5.40154754246104751e+00 9.99605437099807315e-01 
-2.26434894581375268e+00 -5.40154754246104751e+00 9.99605435945707832e-01 
-2.47478168340107674e+00 -5.40154754246104751e+00 9.99605434705910234e-01 
-2.68521442098840080e+00 -5.40154754246104751e+00 9.99605433380413966e-01 

3.41733496904399781e+00 -5.97479138680211452e+00 9.99662221872842149e-01 
3.20690223145667375e+00 -5.97479138680211452e+00 9.99662222689594593e-01 
2.99646949386934969e+00 -5.97479138680211452e+00 9.99662223442806974e-01 
2.78603675628202563e+00 -5.97479138680211452e+00 9.99662224132479293e-01 
2.57560401869470157e+00 -5.97479138680211452e+00 9.99662224758611995e-01 
2.36517128110737751e+00 -5.97479138680211452e+00 9.99662225321205300e-01 
2.15473854352005345e+00 -5.97479138680211452e+00 9.99662225820259431e-01 
1.94430580593272939e+00 -5.97479138680211452e+00 9.99662226255774611e-01 
1.73387306834540533e+00 -5.97479138680211452e+00 9.99662226627750838e-01 
1.52344033075808127e+00 -5.97479138680211452e+00 9.99662226936188336e-01 
1.31300759317075721e+00 -5.97479138680211452e+00 9.99662227181087326e-01 
1.10257485558343316e+00 -5.97479138680211452e+00 9.99662227362447697e-01 
8.92142117996108985e-01 -5.97479138680211452e+00 9.99662227480269783e-01 
6.81709380408784815e-01 -5.97479138680211452e+00 9.99662227534553249e-01 
4.71276642821460645e-01 -5.97479138680211452e+00 9.99662227525298430e-01 
2.60843905234136475e-01 -5.97479138680211452e+00 9.99662227452505325e-01 
5.04111676468123326e-02 -5.97479138680211452e+00 9.99662227316173713e-01 
-1.60021569940511810e-01 -5.97479138680211452e+00 9.99662227116303481e-01 
-3.70454307527835924e-01 -5.97479138680211452e+00 9.99662226852894742e-01 
-5.80887045115160094e-01 -5.97479138680211452e+00 9.99662226525947273e-01 
-7.91319782702484265e-01 -5.97479138680211452e+00 9.99662226135460963e-01 
-1.00175252028980832e+00 -5.97479138680211452e+00 9.99662225681435701e-01 
-1.21218525787713238e+00 -5.97479138680211452e+00 9.99662225163871154e-01 
-1.42261799546445644e+00 -5.97479138680211452e+00 9.99662224582767323e-01 
-1.63305073305178050e+00 -5.97479138680211452e+00 9.99662223938123762e-01 
-1.84348347063910456e+00 -5.97479138680211452e+00 9.99662223229940361e-01 
-2.05391620822642862e+00 -5.97479138680211452e+00 9.99662222458216787e-01 
-2.26434894581375268e+00 -5.97479138680211452e+00 9.99662221622952596e-01 
-2.47478168340107674e+00 -5.97479138680211452e+00 9.99662220724147677e-01 
-2.68521442098840080e+00 -5.97479138680211452e+00 9.99662219761801474e-01 

3.41733496904399781e+00 -6.54803523114318153e+00 9.99647812249201073e-01 
3.20690223145667375e+00 -6.54803523114318153e+00 9.99647813048873957e-01 
2.99646949386934969e+00 -6.54803523114318153e+00 9.99647813788685946e-01 
2.78603675628202563e+00 -6.54803523114318153e+00 9.99647814468637153e-01 
2.57560401869470157e+00 -6.54803523114318153e+00 9.99647815088727909e-01 
2.36517128110737751e+00 -6.54803523114318153e+00 9.99647815648958327e-01 
2.15473854352005345e+00 -6.54803523114318153e+00 9.99647816149328738e-01 
1.94430580593272939e+00 -6.54803523114318153e+00 9.99647816589839255e-01 
1.73387306834540533e+00 -6.54803523114318153e+00 9.99647816970489878e-01 
1.52344033075808127e+00 -6.54803523114318153e+00 9.99647817291281049e-01 
1.31300759317075721e+00 -6.54803523114318153e+00 9.99647817552212548e-01 
1.10257485558343316e+00 -6.54803523114318153e+00 9.99647817753284595e-01 
8.92142117996108985e-01 -6.54803523114318153e+00 9.99647817894497415e-01 
6.81709380408784815e-01 -6.54803523114318153e+00 9.99647817975850783e-01 
4.71276642821460645e-01 -6.54803523114318153e+00 9.99647817997344923e-01 
2.60843905234136475e-01 -6.54803523114318153e+00 9.99647817958979723e-01 
5.04111676468123326e-02 -6.54803523114318153e+00 9.99647817860755294e-01 
-1.60021569940511810e-01 -6.54803523114318153e+00 9.99647817702671304e-01 
-3.70454307527835924e-01 -6.54803523114318153e+00 9.99647817484728085e-01 
-5.80887045115160094e-01 -6.54803523114318153e+00 9.99647817206925304e-01 
-7.91319782702484265e-01 -6.54803523114318153e+00 9.99647816869262851e-01 
-1.00175252028980832e+00 -6.54803523114318153e+00 9.99647816471740835e-01 
-1.21218525787713238e+00 -6.54803523114318153e+00 9.99647816014358703e-01 
-1.42261799546445644e+00 -6.54803523114318153e+00 9.99647815497116676e-01 
-1.63305073305178050e+00 -6.54803523114318153e+00 9.99647814920014310e-01 
-1.84348347063910456e+00 -6.54803523114318153e+00 9.99647814283051606e-01 
-2.05391620822642862e+00 -6.54803523114318153e+00 9.99647813586228118e-01 
-2.26434894581375268e+00 -6.54803523114318153e+00 9.99647812829543736e-01 
-2.47478168340107674e+00 -6.54803523114318153e+00 9.99647812012998127e-01 
-2.68521442098840080e+00 -6.54803523114318153e+00 9.99647811136590958e-01 

3.41733496904399781e+00 -7.12127907548424854e+00 9.99502726956419840e-01 
3.20690223145667375e+00 -7.12127907548424854e+00 9.99502727997591656e-01 
2.99646949386934969e+00 -7.12127907548424854e+00 9.99502728963855613e-01 
2.78603675628202563e+00 -7.12127907548424854e+00 9.99502729855211935e-01 
2.57560401869470157e+00 -7.12127907548424854e+00 9.99502730671660844e-01 
2.36517128110737751e+00 -7.12127907548424854e+00 9.99502731413202783e-01 
2.15473854352005345e+00 -7.12127907548424854e+00 9.99502732079837863e-01 
1.94430580593272939e+00 -7.12127907548424854e+00 9.99502732671566307e-01 
1.73387306834540533e+00 -7.12127907548424854e+00 9.99502733188388115e-01 
1.52344033075808127e+00 -7.12127907548424854e+00 9.99502733630303730e-01 
1.31300759317075721e+00 -7.12127907548424854e+00 9.99502733997313153e-01 
1.10257485558343316e+00 -7.12127907548424854e+00 9.99502734289416495e-01 
8.92142117996108985e-01 -7.12127907548424854e+00 9.99502734506613755e-01 
6.81709380408784815e-01 -7.12127907548424854e+00 9.99502734648905156e-01 
4.71276642821460645e-01 -7.12127907548424854e+00 9.99502734716290586e-01 
2.60843905234136475e-01 -7.12127907548424854e+00 9.99502734708770046e-01 
5.04111676468123326e-02 -7.12127907548424854e+00 9.99502734626343647e-01 
-1.60021569940511810e-01 -7.12127907548424854e+00 9.99502734469011389e-01 
-3.70454307527835924e-01 -7.12127907548424854e+00 9.99502734236773049e-01 
-5.80887045115160094e-01 -7.12127907548424854e+00 9.99502733929628739e-01 
-7.91319782702484265e-01 -7.12127907548424854e+00 9.99502733547578348e-01 
-1.00175252028980832e+00 -7.12127907548424854e+00 9.99502733090621431e-01 
-1.21218525787713238e+00 -7.12127907548424854e+00 9.99502732558758211e-01 
-1.42261799546445644e+00 -7.12127907548424854e+00 9.99502731951988466e-01 
-1.63305073305178050e+00 -7.12127907548424854e+00 9.99502731270311751e-01 
-1.84348347063910456e+00 -7.12127907548424854e+00 9.99502730513728177e-01 
-2.05391620822642862e+00 -7.12127907548424854e+00 9.99502729682237301e-01 
-2.26434894581375268e+00 -7.12127907548424854e+00 9.99502728775838900e-01 
-2.47478168340107674e+00 -7.12127907548424854e+00 9.99502727794532753e-01 
-2.68521442098840080e+00 -7.12127907548424854e+00 9.99502726738318303e-01 

3.41733496904399781e+00 -7.69452291982531555e+00 9.98884906764632152e-01 
3.20690223145667375e+00 -7.69452291982531555e+00 9.98884908669080529e-01 
2.99646949386934969e+00 -7.69452291982531555e+00 9.98884910440871687e-01 
2.78603675628202563e+00 -7.69452291982531555e+00 9.98884912080006071e-01 
2.57560401869470157e+00 -7.69452291982531555e+00 9.98884913586484346e-01 
2.36517128110737751e+00 -7.69452291982531555e+00 9.98884914960306514e-01 
2.15473854352005345e+00 -7.69452291982531555e+00 9.98884916201472906e-01 
1.94430580593272939e+00 -7.69452291982531555e+00 9.98884917309983966e-01 
1.73387306834540533e+00 -7.69452291982531555e+00 9.98884918285839807e-01 
1.52344033075808127e+00 -7.69452291982531555e+00 9.98884919129040760e-01 
1.31300759317075721e+00 -7.69452291982531555e+00 9.98884919839586827e-01 
1.10257485558343316e+00 -7.69452291982531555e+00 9.98884920417478339e-01 
8.92142117996108985e-01 -7.69452291982531555e+00 9.98884920862715409e-01 
6.81709380408784815e-01 -7.69452291982531555e+00 9.98884921175298035e-01 
4.71276642821460645e-01 -7.69452291982531555e+00 9.98884921355226330e-01 
2.60843905234136475e-01 -7.69452291982531555e+00 9.98884921402500292e-01 
5.04111676468123326e-02 -7.69452291982531555e+00 9.98884921317120034e-01 
-1.60021569940511810e-01 -7.69452291982531555e+00 9.98884921099085332e-01 
-3.70454307527835924e-01 -7.69452291982531555e+00 9.98884920748396299e-01 
-5.80887045115160094e-01 -7.69452291982531555e+00 9.98884920265052711e-01 
-7.91319782702484265e-01 -7.69452291982531555e+00 9.98884919649054681e-01 
-1.00175252028980832e+00 -7.69452291982531555e+00 9.98884918900401875e-01 
-1.21218525787713238e+00 -7.69452291982531555e+00 9.98884918019094070e-01 
-1.42261799546445644e+00 -7.69452291982531555e+00 9.98884917005131157e-01 
-1.63305073305178050e+00 -7.69452291982531555e+00 9.98884915858512912e-01 
-1.84348347063910456e+00 -7.69452291982531555e+00 9.98884914579239114e-01 
-2.05391620822642862e+00 -7.69452291982531555e+00 9.98884913167309207e-01 
-2.26434894581375268e+00 -7.69452291982531555e+00 9.98884911622723193e-01 
-2.47478168340107674e+00 -7.69452291982531555e+00 9.98884909945480404e-01 
-2.68521442098840080e+00 -7.69452291982531555e+00 9.98884908135580618e-01 

3.41733496904399781e+00 -8.26776676416638168e+00 9.96229366671599115e-01 
3.20690223145667375e+00 -8.26776676416638168e+00 9.96229370965739602e-01 
2.99646949386934969e+00 -8.26776676416638168e+00 9.96229374967292580e-01 
2.78603675628202563e+00 -8.26776676416638168e+00 9.96229378676258270e-01 
2.57560401869470157e+00 -8.26776676416638168e+00 9.96229382092637339e-01 
2.36517128110737751e+00 -8.26776676416638168e+00 9.96229385216429897e-01 
2.15473854352005345e+00 -8.26776676416638168e+00 9.96229388047636721e-01 
1.94430580593272939e+00 -8.26776676416638168e+00 9.96229390586257813e-01 
1.73387306834540533e+00 -8.26776676416638168e+00 9.96229392832293836e-01 
1.52344033075808127e+00 -8.26776676416638168e+00 9.96229394785744682e-01 
1.31300759317075721e+00 -8.26776676416638168e+00 9.96229396446610793e-01 
1.10257485558343316e+00 -8.26776676416638168e+00 9.96229397814892392e-01 
8.92142117996108985e-01 -8.26776676416638168e+00 9.96229398890589479e-01 
6.81709380408784815e-01 -8.26776676416638168e+00 9.96229399673702387e-01 
4.71276642821460645e-01 -8.26776676416638168e+00 9.96229400164231116e-01 
2.60843905234136475e-01 -8.26776676416638168e+00 9.96229400362175554e-01 
5.04111676468123326e-02 -8.26776676416638168e+00 9.96229400267535925e-01 
-1.60021569940511810e-01 -8.26776676416638168e+00 9.96229399880312227e-01 
-3.70454307527835924e-01 -8.26776676416638168e+00 9.96229399200504240e-01 
-5.80887045115160094e-01 -8.26776676416638168e+00 9.96229398228111851e-01 
-7.91319782702484265e-01 -8.26776676416638168e+00 9.96229396963135061e-01 
-1.00175252028980832e+00 -8.26776676416638168e+00 9.96229395405573648e-01 
-1.21218525787713238e+00 -8.26776676416638168e+00 9.96229393555427389e-01 
-1.42261799546445644e+00 -8.26776676416638168e+00 9.96229391412696064e-01 
-1.63305073305178050e+00 -8.26776676416638168e+00 9.96229388977379338e-01 
-1.84348347063910456e+00 -8.26776676416638168e+00 9.96229386249476878e-01 
-2.05391620822642862e+00 -8.26776676416638168e+00 9.96229383228988463e-01 
-2.26434894581375268e+00 -8.26776676416638168e+00 9.96229379915913538e-01 
-2.47478168340107674e+00 -8.26776676416638168e+00 9.96229376310251658e-01 
-2.68521442098840080e+00 -8.26776676416638168e+00 9.96229372412002601e-01 

