# Prepared plot of model file 
9.99366524628999886e-01 9.99930809717593183e-01 8.11654047420743874e-01 
9.65079360625277882e-01 9.99930809717593183e-01 8.32415998967162452e-01 
9.30792196621555878e-01 9.99930809717593183e-01 8.52643494961087489e-01 
8.96505032617833875e-01 9.99930809717593183e-01 8.71560234069804318e-01 
8.62217868614111871e-01 9.99930809717593183e-01 8.88542347308448610e-01 
8.27930704610389867e-01 9.99930809717593183e-01 9.03180294964718633e-01 
7.93643540606667863e-01 9.99930809717593183e-01 9.15289235838241622e-01 
7.59356376602945859e-01 9.99930809717593183e-01 9.24870433306833606e-01 
7.25069212599223856e-01 9.99930809717593183e-01 9.32041354998346838e-01 
6.90782048595501852e-01 9.99930809717593183e-01 9.36956123189035317e-01 
6.56494884591779848e-01 9.99930809717593183e-01 9.39731191326403259e-01 
6.22207720588057844e-01 9.99930809717593183e-01 9.40379600932518822e-01 
5.87920556584335841e-01 9.99930809717593183e-01 9.38746842919928604e-01 
5.53633392580613837e-01 9.99930809717593183e-01 9.34434788227465285e-01 
5.19346228576891833e-01 9.99930809717593183e-01 9.26698023423127681e-01 
4.85059064573169829e-01 9.99930809717593183e-01 9.14302476888614546e-01 
4.50771900569447825e-01 9.99930809717593183e-01 8.95361272881549652e-01 
4.16484736565725822e-01 9.99930809717593183e-01 8.67231485693192639e-01 
3.82197572562003818e-01 9.99930809717593183e-01 8.26687965464754870e-01 
3.47910408558281814e-01 9.99930809717593183e-01 7.70724680796546213e-01 
3.13623244554559810e-01 9.99930809717593183e-01 6.98198679912640841e-01 
2.79336080550837806e-01 9.99930809717593183e-01 6.11771833225003947e-01 
2.45048916547115830e-01 9.99930809717593183e-01 5.18583508630091838e-01 
2.10761752543393854e-01 9.99930809717593183e-01 4.28354614361845243e-01 
1.76474588539671878e-01 9.99930809717593183e-01 3.49823018304092348e-01 
1.42187424535949902e-01 9.99930809717593183e-01 2.88098208558990210e-01 
1.07900260532227926e-01 9.99930809717593183e-01 2.44427498557854006e-01 
7.36130965285059502e-02 9.99930809717593183e-01 2.17643697613745912e-01 
3.93259325247839672e-02 9.99930809717593183e-01 2.05793785047443611e-01 
5.03876852106198425e-03 9.99930809717593183e-01 2.07093743180122802e-01 

9.99366524628999886e-01 9.65875691525676539e-01 8.14482051267144014e-01 
9.65079360625277882e-01 9.65875691525676539e-01 8.37128923939101766e-01 
9.30792196621555878e-01 9.65875691525676539e-01 8.58988225253625282e-01 
8.96505032617833875e-01 9.65875691525676539e-01 8.79167123086695756e-01 
8.62217868614111871e-01 9.65875691525676539e-01 8.96991155191648959e-01 
8.27930704610389867e-01 9.65875691525676539e-01 9.12070675716143642e-01 
7.93643540606667863e-01 9.65875691525676539e-01 9.24295835380481323e-01 
7.59356376602945859e-01 9.65875691525676539e-01 9.33771518098894915e-01 
7.25069212599223856e-01 9.65875691525676539e-01 9.40721907390369760e-01 
6.90782048595501852e-01 9.65875691525676539e-01 9.45394661386027346e-01 
6.56494884591779848e-01 9.65875691525676539e-01 9.47981468540501027e-01 
6.22207720588057844e-01 9.65875691525676539e-01 9.48555639010602025e-01 
5.87920556584335841e-01 9.65875691525676539e-01 9.47015813652070326e-01 
5.53633392580613837e-01 9.65875691525676539e-01 9.43019208677106979e-01 
5.19346228576891833e-01 9.65875691525676539e-01 9.35886777746816056e-01 
4.85059064573169829e-01 9.65875691525676539e-01 9.24468029431051663e-01 
4.50771900569447825e-01 9.65875691525676539e-01 9.06975832016579497e-01 
4.16484736565725822e-01 9.65875691525676539e-01 8.80865413336054059e-01 
3.82197572562003818e-01 9.65875691525676539e-01 8.42960252538088373e-01 
3.47910408558281814e-01 9.65875691525676539e-01 7.90170019347472552e-01 
3.13623244554559810e-01 9.65875691525676539e-01 7.21047101275504310e-01 
2.79336080550837806e-01 9.65875691525676539e-01 6.37723428702376527e-01 
2.45048916547115830e-01 9.65875691525676539e-01 5.46744886479920811e-01 
2.10761752543393854e-01 9.65875691525676539e-01 4.57455387921795020e-01 
1.76474588539671878e-01 9.65875691525676539e-01 3.78627624898704995e-01 
1.42187424535949902e-01 9.65875691525676539e-01 3.15771498437123488e-01 
1.07900260532227926e-01 9.65875691525676539e-01 2.70675980204276634e-01 
7.36130965285059502e-02 9.65875691525676539e-01 2.42637283265408787e-01 
3.93259325247839672e-02 9.65875691525676539e-01 2.29977199796186305e-01 
5.03876852106198425e-03 9.65875691525676539e-01 2.30981142382962801e-01 

9.99366524628999886e-01 9.31820573333759894e-01 8.13353019082961204e-01 
9.65079360625277882e-01 9.31820573333759894e-01 8.37869840382733044e-01 
9.30792196621555878e-01 9.31820573333759894e-01 8.61396606590138170e-01 
8.96505032617833875e-01 9.31820573333759894e-01 8.82909428732114532e-01 
8.62217868614111871e-01 9.31820573333759894e-01 9.01671756784418799e-01 
8.27930704610389867e-01 9.31820573333759894e-01 9.17305604605582081e-01 
7.93643540606667863e-01 9.31820573333759894e-01 9.29768934097273791e-01 
7.59356376602945859e-01 9.31820573333759894e-01 9.39261825506481074e-01 
7.25069212599223856e-01 9.31820573333759894e-01 9.46104777005435826e-01 
6.90782048595501852e-01 9.31820573333759894e-01 9.50627416549792770e-01 
6.56494884591779848e-01 9.31820573333759894e-01 9.53085298965316019e-01 
6.22207720588057844e-01 9.31820573333759894e-01 9.53601961845507828e-01 
5.87920556584335841e-01 9.31820573333759894e-01 9.52121437404230497e-01 
5.53633392580613837e-01 9.31820573333759894e-01 9.48352541465591448e-01 
5.19346228576891833e-01 9.31820573333759894e-01 9.41687214889058710e-01 
4.85059064573169829e-01 9.31820573333759894e-01 9.31081417530982280e-01 
4.50771900569447825e-01 9.31820573333759894e-01 9.14907866781524248e-01 
4.16484736565725822e-01 9.31820573333759894e-01 8.90846162387369467e-01 
3.82197572562003818e-01 9.31820573333759894e-01 8.55987255351555842e-01 
3.47910408558281814e-01 9.31820573333759894e-01 8.07452170007480596e-01 
3.13623244554559810e-01 9.31820573333759894e-01 7.43745208310396144e-01 
2.79336080550837806e-01 9.31820573333759894e-01 6.66474736110074906e-01 
2.45048916547115830e-01 9.31820573333759894e-01 5.81204042610086402e-01 
2.10761752543393854e-01 9.31820573333759894e-01 4.96240997089944680e-01 
1.76474588539671878e-01 9.31820573333759894e-01 4.19811712471734877e-01 
1.42187424535949902e-01 9.31820573333759894e-01 3.57587119873450043e-01 
1.07900260532227926e-01 9.31820573333759894e-01 3.11994137277332162e-01 
7.36130965285059502e-02 9.31820573333759894e-01 2.83043608565823446e-01 
3.93259325247839672e-02 9.31820573333759894e-01 2.69561719546157708e-01 
5.03876852106198425e-03 9.31820573333759894e-01 2.70022851950221132e-01 

9.99366524628999886e-01 8.97765455141843249e-01 8.06968189514685075e-01 
9.65079360625277882e-01 8.97765455141843249e-01 8.33296781840654699e-01 
9.30792196621555878e-01 8.97765455141843249e-01 8.58554084924653127e-01 
8.96505032617833875e-01 8.97765455141843249e-01 8.81565659757841180e-01 
8.62217868614111871e-01 8.97765455141843249e-01 9.01504892896447085e-01 
8.27930704610389867e-01 8.97765455141843249e-01 9.17973738631268965e-01 
7.93643540606667863e-01 8.97765455141843249e-01 9.30966790989870008e-01 
7.59356376602945859e-01 8.97765455141843249e-01 9.40752021513040937e-01 
7.25069212599223856e-01 8.97765455141843249e-01 9.47724748244511028e-01 
6.90782048595501852e-01 8.97765455141843249e-01 9.52281203513002605e-01 
6.56494884591779848e-01 8.97765455141843249e-01 9.54730557676706781e-01 
6.22207720588057844e-01 8.97765455141843249e-01 9.55239817153817450e-01 
5.87920556584335841e-01 8.97765455141843249e-01 9.53793822709410710e-01 
5.53633392580613837e-01 8.97765455141843249e-01 9.50150593296923085e-01 
5.19346228576891833e-01 8.97765455141843249e-01 9.43775565699371377e-01 
4.85059064573169829e-01 8.97765455141843249e-01 9.33746152351173642e-01 
4.50771900569447825e-01 8.97765455141843249e-01 9.18637738428353501e-01 
4.16484736565725822e-01 8.97765455141843249e-01 8.96449353756093248e-01 
3.82197572562003818e-01 8.97765455141843249e-01 8.64713163579492239e-01 
3.47910408558281814e-01 8.97765455141843249e-01 8.21016444813328583e-01 
3.13623244554559810e-01 8.97765455141843249e-01 7.64087310011477339e-01 
2.79336080550837806e-01 8.97765455141843249e-01 6.95152910251455758e-01 
2.45048916547115830e-01 8.97765455141843249e-01 6.18654999394532501e-01 
2.10761752543393854e-01 8.97765455141843249e-01 5.41433515154730816e-01 
1.76474588539671878e-01 8.97765455141843249e-01 4.70623595298948094e-01 
1.42187424535949902e-01 8.97765455141843249e-01 4.11638646175725764e-01 
1.07900260532227926e-01 8.97765455141843249e-01 3.67368928659390082e-01 
7.36130965285059502e-02 8.97765455141843249e-01 3.38565625624510869e-01 
3.93259325247839672e-02 8.97765455141843249e-01 3.24666869734834163e-01 
5.03876852106198425e-03 8.97765455141843249e-01 3.24430897986169697e-01 

9.99366524628999886e-01 8.63710336949926605e-01 7.93760063983089736e-01 
9.65079360625277882e-01 8.63710336949926605e-01 8.21704258878979577e-01 
9.30792196621555878e-01 8.63710336949926605e-01 8.48707266470909216e-01 
8.96505032617833875e-01 8.63710336949926605e-01 8.73426803702121113e-01 
8.62217868614111871e-01 8.63710336949926605e-01 8.94901941589604455e-01 
8.27930704610389867e-01 8.63710336949926605e-01 9.12653777389512921e-01 
7.93643540606667863e-01 8.63710336949926605e-01 9.26650237721061920e-01 
7.59356376602945859e-01 8.63710336949926605e-01 9.37173601406908530e-01 
7.25069212599223856e-01 8.63710336949926605e-01 9.44656490629670387e-01 
6.90782048595501852e-01 8.63710336949926605e-01 9.49540309782872072e-01 
6.56494884591779848e-01 8.63710336949926605e-01 9.52178557839718831e-01 
6.22207720588057844e-01 8.63710336949926605e-01 9.52779694239406005e-01 
5.87920556584335841e-01 8.63710336949926605e-01 9.51370934844854910e-01 
5.53633392580613837e-01 8.63710336949926605e-01 9.47763236588086366e-01 
5.19346228576891833e-01 8.63710336949926605e-01 9.41502961300527907e-01 
4.85059064573169829e-01 8.63710336949926605e-01 9.31805335279835112e-01 
4.50771900569447825e-01 8.63710336949926605e-01 9.17483403846254708e-01 
4.16484736565725822e-01 8.63710336949926605e-01 8.96922915730433923e-01 
3.82197572562003818e-01 8.63710336949926605e-01 8.68210580771381912e-01 
3.47910408558281814e-01 8.63710336949926605e-01 8.29564514143217968e-01 
3.13623244554559810e-01 8.63710336949926605e-01 7.80137051797997749e-01 
2.79336080550837806e-01 8.63710336949926605e-01 7.20960575142676308e-01 
2.45048916547115830e-01 8.63710336949926605e-01 6.55436653010277759e-01 
2.10761752543393854e-01 8.63710336949926605e-01 5.88814457107638245e-01 
1.76474588539671878e-01 8.63710336949926605e-01 5.26792634688907024e-01 
1.42187424535949902e-01 8.63710336949926605e-01 4.74072482451866062e-01 
1.07900260532227926e-01 8.63710336949926605e-01 4.33611727743322295e-01 
7.36130965285059502e-02 8.63710336949926605e-01 4.06663221748687909e-01 
3.93259325247839672e-02 8.63710336949926605e-01 3.93192463510117218e-01 
5.03876852106198425e-03 8.63710336949926605e-01 3.92264349302645365e-01 

9.99366524628999886e-01 8.29655218758009960e-01 7.71933004716679472e-01 
9.65079360625277882e-01 8.29655218758009960e-01 8.00976888621189431e-01 
9.30792196621555878e-01 8.29655218758009960e-01 8.29510487215882497e-01 
8.96505032617833875e-01 8.29655218758009960e-01 8.56029848554897055e-01 
8.62217868614111871e-01 8.29655218758009960e-01 8.79395540273355758e-01 
8.27930704610389867e-01 8.29655218758009960e-01 8.98965256868301088e-01 
7.93643540606667863e-01 8.29655218758009960e-01 9.14582680635507073e-01 
7.59356376602945859e-01 8.29655218758009960e-01 9.26455740880069989e-01 
7.25069212599223856e-01 8.29655218758009960e-01 9.34989678857031103e-01 
6.90782048595501852e-01 8.29655218758009960e-01 9.40633729139944696e-01 
6.56494884591779848e-01 8.29655218758009960e-01 9.43770901182926281e-01 
6.22207720588057844e-01 8.29655218758009960e-01 9.44651284770097854e-01 
5.87920556584335841e-01 8.29655218758009960e-01 9.43353425747729624e-01 
5.53633392580613837e-01 8.29655218758009960e-01 9.39755766045203389e-01 
5.19346228576891833e-01 8.29655218758009960e-01 9.33505676326234490e-01 
4.85059064573169829e-01 8.29655218758009960e-01 9.23983963318743662e-01 
4.50771900569447825e-01 8.29655218758009960e-01 9.10279085619649320e-01 
4.16484736565725822e-01 8.29655218758009960e-01 8.91210614454805983e-01 
3.82197572562003818e-01 8.29655218758009960e-01 8.65471348412384156e-01 
3.47910408558281814e-01 8.29655218758009960e-01 8.31964535130012450e-01 
3.13623244554559810e-01 8.29655218758009960e-01 7.90342282627106596e-01 
2.79336080550837806e-01 8.29655218758009960e-01 7.41575179642797178e-01 
2.45048916547115830e-01 8.29655218758009960e-01 6.88209689141357495e-01 
2.10761752543393854e-01 8.29655218758009960e-01 6.34032912236024870e-01 
1.76474588539671878e-01 8.29655218758009960e-01 5.83230106001487059e-01 
1.42187424535949902e-01 8.29655218758009960e-01 5.39470305023836860e-01 
1.07900260532227926e-01 8.29655218758009960e-01 5.05333292534132283e-01 
7.36130965285059502e-02 8.29655218758009960e-01 4.82169939567111239e-01 
3.93259325247839672e-02 8.29655218758009960e-01 4.70221197523586487e-01 
5.03876852106198425e-03 8.29655218758009960e-01 4.68794757579513610e-01 

9.99366524628999886e-01 7.95600100566093316e-01 7.39702440883651113e-01 
9.65079360625277882e-01 7.95600100566093316e-01 7.68752666011867314e-01 
9.30792196621555878e-01 7.95600100566093316e-01 7.98061091493701191e-01 
8.96505032617833875e-01 7.95600100566093316e-01 8.26025199935443877e-01 
8.62217868614111871e-01 7.95600100566093316e-01 8.51323295976218475e-01 
8.27930704610389867e-01 7.95600100566093316e-01 8.73080686275907514e-01 
7.93643540606667863e-01 7.95600100566093316e-01 8.90905077849459270e-01 
7.59356376602945859e-01 7.95600100566093316e-01 9.04808175932872549e-01 
7.25069212599223856e-01 7.95600100566093316e-01 9.15064126604976491e-01 
6.90782048595501852e-01 7.95600100566093316e-01 9.22059407486965243e-01 
6.56494884591779848e-01 7.95600100566093316e-01 9.26170601085981371e-01 
6.22207720588057844e-01 7.95600100566093316e-01 9.27681851006116887e-01 
5.87920556584335841e-01 7.95600100566093316e-01 9.26735843983475860e-01 
5.53633392580613837e-01 7.95600100566093316e-01 9.23305581114811647e-01 
5.19346228576891833e-01 7.95600100566093316e-01 9.17176945176793934e-01 
4.85059064573169829e-01 7.95600100566093316e-01 9.07940537558074690e-01 
4.50771900569447825e-01 7.95600100566093316e-01 8.95003391937724047e-01 
4.16484736565725822e-01 7.95600100566093316e-01 8.77645230829304568e-01 
3.82197572562003818e-01 7.95600100566093316e-01 8.55153607009112138e-01 
3.47910408558281814e-01 7.95600100566093316e-01 8.27061869660863036e-01 
3.13623244554559810e-01 7.95600100566093316e-01 7.93464141293893421e-01 
2.79336080550837806e-01 7.95600100566093316e-01 7.55297827160472113e-01 
2.45048916547115830e-01 7.95600100566093316e-01 7.14428308010613966e-01 
2.10761752543393854e-01 7.95600100566093316e-01 6.73427791699070522e-01 
1.76474588539671878e-01 7.95600100566093316e-01 6.35107505722801502e-01 
1.42187424535949902e-01 7.95600100566093316e-01 6.02003335956636021e-01 
1.07900260532227926e-01 7.95600100566093316e-01 5.76003318479697768e-01 
7.36130965285059502e-02 7.95600100566093316e-01 5.58175656956378829e-01 
3.93259325247839672e-02 7.95600100566093316e-01 5.48745660433969440e-01 
5.03876852106198425e-03 7.95600100566093316e-01 5.47157869902694105e-01 

9.99366524628999886e-01 7.61544982374176671e-01 6.95856336533224207e-01 
9.65079360625277882e-01 7.61544982374176671e-01 7.23018279611418624e-01 
9.30792196621555878e-01 7.61544982374176671e-01 7.51451085403028629e-01 
8.96505032617833875e-01 7.61544982374176671e-01 7.79593402992772466e-01 
8.62217868614111871e-01 7.61544982374176671e-01 8.06026970412251020e-01 
8.27930704610389867e-01 7.61544982374176671e-01 8.29655797693507391e-01 
7.93643540606667863e-01 7.61544982374176671e-01 8.49789562838690005e-01 
7.59356376602945859e-01 7.61544982374176671e-01 8.66131840100749395e-01 
7.25069212599223856e-01 7.61544982374176671e-01 8.78698678907723463e-01 
6.90782048595501852e-01 7.61544982374176671e-01 8.87703500399642742e-01 
6.56494884591779848e-01 7.61544982374176671e-01 8.93441843314107587e-01 
6.22207720588057844e-01 7.61544982374176671e-01 8.96197839302507848e-01 
5.87920556584335841e-01 7.61544982374176671e-01 8.96180156829253782e-01 
5.53633392580613837e-01 7.61544982374176671e-01 8.93485224158189761e-01 
5.19346228576891833e-01 7.61544982374176671e-01 8.88082648643684136e-01 
4.85059064573169829e-01 7.61544982374176671e-01 8.79820706714778522e-01 
4.50771900569447825e-01 7.61544982374176671e-01 8.68455606390058144e-01 
4.16484736565725822e-01 7.61544982374176671e-01 8.53713314537128620e-01 
3.82197572562003818e-01 7.61544982374176671e-01 8.35392301949764660e-01 
3.47910408558281814e-01 7.61544982374176671e-01 8.13503837888262304e-01 
3.13623244554559810e-01 7.61544982374176671e-01 7.88421429688693109e-01 
2.79336080550837806e-01 7.61544982374176671e-01 7.60983126637258644e-01 
2.45048916547115830e-01 7.61544982374176671e-01 7.32484521047468196e-01 
2.10761752543393854e-01 7.61544982374176671e-01 7.04536100824298406e-01 
1.76474588539671878e-01 7.61544982374176671e-01 6.78821422710628397e-01 
1.42187424535949902e-01 7.61544982374176671e-01 6.56836071136721822e-01 
1.07900260532227926e-01 7.61544982374176671e-01 6.39679942229011145e-01 
7.36130965285059502e-02 7.61544982374176671e-01 6.27934239818510376e-01 
3.93259325247839672e-02 7.61544982374176671e-01 6.21622247279503881e-01 
5.03876852106198425e-03 7.61544982374176671e-01 6.20249104089729886e-01 

9.99366524628999886e-01 7.27489864182260026e-01 6.40609778700707233e-01 
9.65079360625277882e-01 7.27489864182260026e-01 6.63230862708518387e-01 
9.30792196621555878e-01 7.27489864182260026e-01 6.88120952901501326e-01 
8.96505032617833875e-01 7.27489864182260026e-01 7.13938240187889650e-01 
8.62217868614111871e-01 7.27489864182260026e-01 7.39344444742632390e-01 
8.27930704610389867e-01 7.27489864182260026e-01 7.63163421609597603e-01 
7.93643540606667863e-01 7.27489864182260026e-01 7.84483533088287333e-01 
7.59356376602945859e-01 7.27489864182260026e-01 8.02700864006963943e-01 
7.25069212599223856e-01 7.27489864182260026e-01 8.17510289406946811e-01 
6.90782048595501852e-01 7.27489864182260026e-01 8.28855972827171494e-01 
6.56494884591779848e-01 7.27489864182260026e-01 8.36857366190362995e-01 
6.22207720588057844e-01 7.27489864182260026e-01 8.41729239357542403e-01 
5.87920556584335841e-01 7.27489864182260026e-01 8.43711762285038747e-01 
5.53633392580613837e-01 7.27489864182260026e-01 8.43020421616563542e-01 
5.19346228576891833e-01 7.27489864182260026e-01 8.39819384339167585e-01 
4.85059064573169829e-01 7.27489864182260026e-01 8.34218364037974780e-01 
4.50771900569447825e-01 7.27489864182260026e-01 8.26291908612122650e-01 
4.16484736565725822e-01 7.27489864182260026e-01 8.16119311261422342e-01 
3.82197572562003818e-01 7.27489864182260026e-01 8.03840722327035850e-01 
3.47910408558281814e-01 7.27489864182260026e-01 7.89719293350178653e-01 
3.13623244554559810e-01 7.27489864182260026e-01 7.74191794916795129e-01 
2.79336080550837806e-01 7.27489864182260026e-01 7.57886042490236056e-01 
2.45048916547115830e-01 7.27489864182260026e-01 7.41588606732819455e-01 
2.10761752543393854e-01 7.27489864182260026e-01 7.26161893155626625e-01 
1.76474588539671878e-01 7.27489864182260026e-01 7.12428490233660838e-01 
1.42187424535949902e-01 7.27489864182260026e-01 7.01051769457693652e-01 
1.07900260532227926e-01 7.27489864182260026e-01 6.92440562743918742e-01 
7.36130965285059502e-02 7.27489864182260026e-01 6.86697629683228894e-01 
3.93259325247839672e-02 7.27489864182260026e-01 6.83623471009231820e-01 
5.03876852106198425e-03 7.27489864182260026e-01 6.82778082138129738e-01 

9.99366524628999886e-01 6.93434745990343382e-01 5.76376408569938103e-01 
9.65079360625277882e-01 6.93434745990343382e-01 5.91570964460113591e-01 
9.30792196621555878e-01 6.93434745990343382e-01 6.09705525713959640e-01 
8.96505032617833875e-01 6.93434745990343382e-01 6.29778480447852562e-01 
8.62217868614111871e-01 6.93434745990343382e-01 6.50706767159220600e-01 
8.27930704610389867e-01 6.93434745990343382e-01 6.71450190834655514e-01 
7.93643540606667863e-01 6.93434745990343382e-01 6.91100616601969420e-01 
7.59356376602945859e-01 6.93434745990343382e-01 7.08938933172152286e-01 
7.25069212599223856e-01 6.93434745990343382e-01 7.24465798957474871e-01 
6.90782048595501852e-01 6.93434745990343382e-01 7.37407346968525390e-01 
6.56494884591779848e-01 6.93434745990343382e-01 7.47695273380546310e-01 
6.22207720588057844e-01 6.93434745990343382e-01 7.55425001389832595e-01 
5.87920556584335841e-01 6.93434745990343382e-01 7.60801633809983557e-01 
5.53633392580613837e-01 6.93434745990343382e-01 7.64086171083811716e-01 
5.19346228576891833e-01 6.93434745990343382e-01 7.65552601219109952e-01 
4.85059064573169829e-01 6.93434745990343382e-01 7.65461858887271474e-01 
4.50771900569447825e-01 6.93434745990343382e-01 7.64053770049924807e-01 
4.16484736565725822e-01 6.93434745990343382e-01 7.61554196049590182e-01 
3.82197572562003818e-01 6.93434745990343382e-01 7.58191716170169894e-01 
3.47910408558281814e-01 6.93434745990343382e-01 7.54216119941959695e-01 
3.13623244554559810e-01 6.93434745990343382e-01 7.49910008299835451e-01 
2.79336080550837806e-01 6.93434745990343382e-01 7.45585757889811740e-01 
2.45048916547115830e-01 6.93434745990343382e-01 7.41563623560339114e-01 
2.10761752543393854e-01 6.93434745990343382e-01 7.38132415170807299e-01 
1.76474588539671878e-01 6.93434745990343382e-01 7.35500461044200082e-01 
1.42187424535949902e-01 6.93434745990343382e-01 7.33749785345112371e-01 
1.07900260532227926e-01 6.93434745990343382e-01 7.32809382637185869e-01 
7.36130965285059502e-02 6.93434745990343382e-01 7.32462539243223132e-01 
3.93259325247839672e-02 6.93434745990343382e-01 7.32395319219166119e-01 
5.03876852106198425e-03 6.93434745990343382e-01 7.32277052103052828e-01 

9.99366524628999886e-01 6.59379627798426737e-01 5.07812025236416442e-01 
9.65079360625277882e-01 6.59379627798426737e-01 5.13360010471018757e-01 
9.30792196621555878e-01 6.59379627798426737e-01 5.22061240085363587e-01 
8.96505032617833875e-01 6.59379627798426737e-01 5.33250862872174936e-01 
8.62217868614111871e-01 6.59379627798426737e-01 5.46158563528090557e-01 
8.27930704610389867e-01 6.59379627798426737e-01 5.60020505582677797e-01 
7.93643540606667863e-01 6.59379627798426737e-01 5.74156392227027412e-01 
7.59356376602945859e-01 6.59379627798426737e-01 5.88014674256080672e-01 
7.25069212599223856e-01 6.59379627798426737e-01 6.01196948291826572e-01 
6.90782048595501852e-01 6.59379627798426737e-01 6.13468044055407558e-01 
6.56494884591779848e-01 6.59379627798426737e-01 6.24751663597528539e-01 
6.22207720588057844e-01 6.59379627798426737e-01 6.35109475710601501e-01 
5.87920556584335841e-01 6.59379627798426737e-01 6.44704766726548639e-01 
5.53633392580613837e-01 6.59379627798426737e-01 6.53756592466612330e-01 
5.19346228576891833e-01 6.59379627798426737e-01 6.62493207875504919e-01 
4.85059064573169829e-01 6.59379627798426737e-01 6.71113087552915544e-01 
4.50771900569447825e-01 6.59379627798426737e-01 6.79759058330778654e-01 
4.16484736565725822e-01 6.59379627798426737e-01 6.88507510663988742e-01 
3.82197572562003818e-01 6.59379627798426737e-01 6.97371283916121909e-01 
3.47910408558281814e-01 6.59379627798426737e-01 7.06311942260918868e-01 
3.13623244554559810e-01 6.59379627798426737e-01 7.15255074463816753e-01 
2.79336080550837806e-01 6.59379627798426737e-01 7.24101626127469644e-01 
2.45048916547115830e-01 6.59379627798426737e-01 7.32729868912685878e-01 
2.10761752543393854e-01 6.59379627798426737e-01 7.40986678741182292e-01 
1.76474588539671878e-01 6.59379627798426737e-01 7.48672654624223943e-01 
1.42187424535949902e-01 6.59379627798426737e-01 7.55531562504305088e-01 
1.07900260532227926e-01 6.59379627798426737e-01 7.61257867982429004e-01 
7.36130965285059502e-02 6.59379627798426737e-01 7.65533126716918533e-01 
3.93259325247839672e-02 6.59379627798426737e-01 7.68090256299651664e-01 
5.03876852106198425e-03 6.59379627798426737e-01 7.68787204558874726e-01 

9.99366524628999886e-01 6.25324509606510093e-01 4.40775159087906654e-01 
9.65079360625277882e-01 6.25324509606510093e-01 4.35872244603091763e-01 
9.30792196621555878e-01 6.25324509606510093e-01 4.34056947552876216e-01 
8.96505032617833875e-01 6.25324509606510093e-01 4.34912179125425624e-01 
8.62217868614111871e-01 6.25324509606510093e-01 4.37910219009643331e-01 
8.27930704610389867e-01 6.25324509606510093e-01 4.42545298768182105e-01 
7.93643540606667863e-01 6.25324509606510093e-01 4.48422899533079455e-01 
7.59356376602945859e-01 6.25324509606510093e-01 4.55301324447468292e-01 
7.25069212599223856e-01 6.25324509606510093e-01 4.63097320269882096e-01 
6.90782048595501852e-01 6.25324509606510093e-01 4.71868875507497787e-01 
6.56494884591779848e-01 6.25324509606510093e-01 4.81783909735848614e-01 
6.22207720588057844e-01 6.25324509606510093e-01 4.93079563081057604e-01 
5.87920556584335841e-01 6.25324509606510093e-01 5.06014933186679672e-01 
5.53633392580613837e-01 6.25324509606510093e-01 5.20819970533862642e-01 
5.19346228576891833e-01 6.25324509606510093e-01 5.37644197525443124e-01 
4.85059064573169829e-01 6.25324509606510093e-01 5.56510626606472880e-01 
4.50771900569447825e-01 6.25324509606510093e-01 5.77282168937879536e-01 
4.16484736565725822e-01 6.25324509606510093e-01 5.99648611022959854e-01 
3.82197572562003818e-01 6.25324509606510093e-01 6.23140054131809951e-01 
3.47910408558281814e-01 6.25324509606510093e-01 6.47166622124604407e-01 
3.13623244554559810e-01 6.25324509606510093e-01 6.71075817390689666e-01 
2.79336080550837806e-01 6.25324509606510093e-01 6.94212293195452079e-01 
2.45048916547115830e-01 6.25324509606510093e-01 7.15964368681056951e-01 
2.10761752543393854e-01 6.25324509606510093e-01 7.35788599812376320e-01 
1.76474588539671878e-01 6.25324509606510093e-01 7.53215004436120772e-01 
1.42187424535949902e-01 6.25324509606510093e-01 7.67845413068835136e-01 
1.07900260532227926e-01 6.25324509606510093e-01 7.79360688569319726e-01 
7.36130965285059502e-02 6.25324509606510093e-01 7.87546826723516835e-01 
3.93259325247839672e-02 6.25324509606510093e-01 7.92336884828629850e-01 
5.03876852106198425e-03 6.25324509606510093e-01 7.93851507592208239e-01 

9.99366524628999886e-01 5.91269391414593448e-01 3.80663287793575167e-01 
9.65079360625277882e-01 5.91269391414593448e-01 3.66012024925302604e-01 
9.30792196621555878e-01 5.91269391414593448e-01 3.54441946301440880e-01 
8.96505032617833875e-01 5.91269391414593448e-01 3.45692803378710223e-01 
8.62217868614111871e-01 5.91269391414593448e-01 3.39366732666639970e-01 
8.27930704610389867e-01 5.91269391414593448e-01 3.35100311673964979e-01 
7.93643540606667863e-01 5.91269391414593448e-01 3.32680359884233334e-01 
7.59356376602945859e-01 5.91269391414593448e-01 3.32093470746405162e-01 
7.25069212599223856e-01 5.91269391414593448e-01 3.33523974639675758e-01 
6.90782048595501852e-01 5.91269391414593448e-01 3.37319846210172025e-01 
6.56494884591779848e-01 5.91269391414593448e-01 3.43942138299211941e-01 
6.22207720588057844e-01 5.91269391414593448e-01 3.53907442693935148e-01 
5.87920556584335841e-01 5.91269391414593448e-01 3.67726555259945520e-01 
5.53633392580613837e-01 5.91269391414593448e-01 3.85837246690407532e-01 
5.19346228576891833e-01 5.91269391414593448e-01 4.08527338853367394e-01 
4.85059064573169829e-01 5.91269391414593448e-01 4.35848801356598869e-01 
4.50771900569447825e-01 5.91269391414593448e-01 4.67534478682390620e-01 
4.16484736565725822e-01 5.91269391414593448e-01 5.02941764872535613e-01 
3.82197572562003818e-01 5.91269391414593448e-01 5.41052927055465704e-01 
3.47910408558281814e-01 5.91269391414593448e-01 5.80551035081246614e-01 
3.13623244554559810e-01 5.91269391414593448e-01 6.19963651625896506e-01 
2.79336080550837806e-01 5.91269391414593448e-01 6.57837022596829524e-01 
2.45048916547115830e-01 5.91269391414593448e-01 6.92890595257564912e-01 
2.10761752543393854e-01 5.91269391414593448e-01 7.24114283586442586e-01 
1.76474588539671878e-01 5.91269391414593448e-01 7.50799911042639323e-01 
1.42187424535949902e-01 5.91269391414593448e-01 7.72524894005327201e-01 
1.07900260532227926e-01 5.91269391414593448e-01 7.89117041998612767e-01 
7.36130965285059502e-02 5.91269391414593448e-01 8.00623482528777908e-01 
3.93259325247839672e-02 5.91269391414593448e-01 8.07292127029684448e-01 
5.03876852106198425e-03 5.91269391414593448e-01 8.09559847497863583e-01 

9.99366524628999886e-01 5.57214273222676804e-01 3.31095531269578303e-01 
9.65079360625277882e-01 5.57214273222676804e-01 3.08345712123223703e-01 
9.30792196621555878e-01 5.57214273222676804e-01 2.88963219993630172e-01 
8.96505032617833875e-01 5.57214273222676804e-01 2.72784561796068359e-01 
8.62217868614111871e-01 5.57214273222676804e-01 2.59446034003410153e-01 
8.27930704610389867e-01 5.57214273222676804e-01 2.48602677421730867e-01 
7.93643540606667863e-01 5.57214273222676804e-01 2.40070450686546644e-01 
7.59356376602945859e-01 5.57214273222676804e-01 2.33882922557551776e-01 
7.25069212599223856e-01 5.57214273222676804e-01 2.30288107697886824e-01 
6.90782048595501852e-01 5.57214273222676804e-01 2.29715790506589412e-01 
6.56494884591779848e-01 5.57214273222676804e-01 2.32737535445531663e-01 
6.22207720588057844e-01 5.57214273222676804e-01 2.40029542807107643e-01 
5.87920556584335841e-01 5.57214273222676804e-01 2.52335308212590759e-01 
5.53633392580613837e-01 5.57214273222676804e-01 2.70412870788187321e-01 
5.19346228576891833e-01 5.57214273222676804e-01 2.94944623341423573e-01 
4.85059064573169829e-01 5.57214273222676804e-01 3.26392643044199682e-01 
4.50771900569447825e-01 5.57214273222676804e-01 3.64805215599677268e-01 
4.16484736565725822e-01 5.57214273222676804e-01 4.09619174217756510e-01 
3.82197572562003818e-01 5.57214273222676804e-01 4.59539927638388301e-01 
3.47910408558281814e-01 5.57214273222676804e-01 5.12583902734291663e-01 
3.13623244554559810e-01 5.57214273222676804e-01 5.66314095352529301e-01 
2.79336080550837806e-01 5.57214273222676804e-01 6.18209012405999347e-01 
2.45048916547115830e-01 5.57214273222676804e-01 6.66038812389975865e-01 
2.10761752543393854e-01 5.57214273222676804e-01 7.08128058502401125e-01 
1.76474588539671878e-01 5.57214273222676804e-01 7.43452232537086255e-01 
1.42187424535949902e-01 5.57214273222676804e-01 7.71591600361187679e-01 
1.07900260532227926e-01 5.57214273222676804e-01 7.92606854587521337e-01 
7.36130965285059502e-02 5.57214273222676804e-01 8.06900010759991959e-01 
3.93259325247839672e-02 5.57214273222676804e-01 8.15100381022351606e-01 
5.03876852106198425e-03 5.57214273222676804e-01 8.17988096092912453e-01 

9.99366524628999886e-01 5.23159155030760159e-01 2.93548317390837865e-01 
9.65079360625277882e-01 5.23159155030760159e-01 2.64543818961512689e-01 
9.30792196621555878e-01 5.23159155030760159e-01 2.39502519561026361e-01 
8.96505032617833875e-01 5.23159155030760159e-01 2.18315348458342939e-01 
8.62217868614111871e-01 5.23159155030760159e-01 2.00578972191632010e-01 
8.27930704610389867e-01 5.23159155030760159e-01 1.85870135636357292e-01 
7.93643540606667863e-01 5.23159155030760159e-01 1.73914425794910787e-01 
7.59356376602945859e-01 5.23159155030760159e-01 1.64647626656260926e-01 
7.25069212599223856e-01 5.23159155030760159e-01 1.58211832988673584e-01 
6.90782048595501852e-01 5.23159155030760159e-01 1.54929835835687590e-01 
6.56494884591779848e-01 5.23159155030760159e-01 1.55286721755754253e-01 
6.22207720588057844e-01 5.23159155030760159e-01 1.59929986514148526e-01 
5.87920556584335841e-01 5.23159155030760159e-01 1.69681502362329373e-01 
5.53633392580613837e-01 5.23159155030760159e-01 1.85536517184374417e-01 
5.19346228576891833e-01 5.23159155030760159e-01 2.08608284900428043e-01 
4.85059064573169829e-01 5.23159155030760159e-01 2.39969522225656651e-01 
4.50771900569447825e-01 5.23159155030760159e-01 2.80360266449832474e-01 
4.16484736565725822e-01 5.23159155030760159e-01 3.29793818848110321e-01 
3.82197572562003818e-01 5.23159155030760159e-01 3.87189847369576623e-01 
3.47910408558281814e-01 5.23159155030760159e-01 4.50233553509147510e-01 
3.13623244554559810e-01 5.23159155030760159e-01 5.15612767938476657e-01 
2.79336080550837806e-01 5.23159155030760159e-01 5.79604548560249566e-01 
2.45048916547115830e-01 5.23159155030760159e-01 6.38786834543672133e-01 
2.10761752543393854e-01 5.23159155030760159e-01 6.90594508822518272e-01 
1.76474588539671878e-01 5.23159155030760159e-01 7.33555212936056300e-01 
1.42187424535949902e-01 5.23159155030760159e-01 7.67217431930901417e-01 
1.07900260532227926e-01 5.23159155030760159e-01 7.91897386826923566e-01 
7.36130965285059502e-02 5.23159155030760159e-01 8.08386445207059157e-01 
3.93259325247839672e-02 5.23159155030760159e-01 8.17714329844776544e-01 
5.03876852106198425e-03 5.23159155030760159e-01 8.21002467172295747e-01 

9.99366524628999886e-01 4.89104036838843570e-01 2.67792243757944748e-01 
9.65079360625277882e-01 4.89104036838843570e-01 2.34052541300100114e-01 
9.30792196621555878e-01 4.89104036838843570e-01 2.05054870756678276e-01 
8.96505032617833875e-01 4.89104036838843570e-01 1.80713227730946002e-01 
8.62217868614111871e-01 4.89104036838843570e-01 1.60531283194230601e-01 
8.27930704610389867e-01 4.89104036838843570e-01 1.43944901019215810e-01 
7.93643540606667863e-01 4.89104036838843570e-01 1.30523832323873712e-01 
7.59356376602945859e-01 4.89104036838843570e-01 1.20039998672045289e-01 
7.25069212599223856e-01 4.89104036838843570e-01 1.12463047825844875e-01 
6.90782048595501852e-01 4.89104036838843570e-01 1.07939138395659551e-01 
6.56494884591779848e-01 4.89104036838843570e-01 1.06787244663915315e-01 
6.22207720588057844e-01 4.89104036838843570e-01 1.09526358008466329e-01 
5.87920556584335841e-01 4.89104036838843570e-01 1.16928823371448831e-01 
5.53633392580613837e-01 4.89104036838843570e-01 1.30075956446969510e-01 
5.19346228576891833e-01 4.89104036838843570e-01 1.50367674971498777e-01 
4.85059064573169829e-01 4.89104036838843570e-01 1.79410659819445317e-01 
4.50771900569447825e-01 4.89104036838843570e-01 2.18701593759368373e-01 
4.16484736565725822e-01 4.89104036838843570e-01 2.69078555693144872e-01 
3.82197572562003818e-01 4.89104036838843570e-01 3.30065800985223645e-01 
3.47910408558281814e-01 4.89104036838843570e-01 3.99421117079434507e-01 
3.13623244554559810e-01 4.89104036838843570e-01 4.73230326237912391e-01 
2.79336080550837806e-01 4.89104036838843570e-01 5.46648030249602401e-01 
2.45048916547115830e-01 4.89104036838843570e-01 6.14993055116593634e-01 
2.10761752543393854e-01 4.89104036838843570e-01 6.74700286176259656e-01 
1.76474588539671878e-01 4.89104036838843570e-01 7.23771818320899762e-01 
1.42187424535949902e-01 4.89104036838843570e-01 7.61695133162565874e-01 
1.07900260532227926e-01 4.89104036838843570e-01 7.89037066170422241e-01 
7.36130965285059502e-02 4.89104036838843570e-01 8.06970061566197550e-01 
3.93259325247839672e-02 4.89104036838843570e-01 8.16901942601302999e-01 
5.03876852106198425e-03 4.89104036838843570e-01 8.20263898743466058e-01 

9.99366524628999886e-01 4.55048918646926981e-01 2.52594227897597001e-01 
9.65079360625277882e-01 4.55048918646926981e-01 2.15154374640850798e-01 
9.30792196621555878e-01 4.55048918646926981e-01 1.83262782583981987e-01 
8.96505032617833875e-01 4.55048918646926981e-01 1.56846368692114990e-01 
8.62217868614111871e-01 4.55048918646926981e-01 1.35291701292669708e-01 
8.27930704610389867e-01 4.55048918646926981e-01 1.17867956881141545e-01 
7.93643540606667863e-01 4.55048918646926981e-01 1.03970423870487549e-01 
7.59356376602945859e-01 4.55048918646926981e-01 9.32004083673244055e-02 
7.25069212599223856e-01 4.55048918646926981e-01 8.53610018851262420e-02 
6.90782048595501852e-01 4.55048918646926981e-01 8.04362967377225124e-02 
6.56494884591779848e-01 4.55048918646926981e-01 7.85927033664859942e-02 
6.22207720588057844e-01 4.55048918646926981e-01 8.02179042084067984e-02 
5.87920556584335841e-01 4.55048918646926981e-01 8.59967150958953486e-02 
5.53633392580613837e-01 4.55048918646926981e-01 9.70065251613007051e-02 
5.19346228576891833e-01 4.55048918646926981e-01 1.14787735521766909e-01 
4.85059064573169829e-01 4.55048918646926981e-01 1.41301092416847240e-01 
4.50771900569447825e-01 4.55048918646926981e-01 1.78642902219673105e-01 
4.16484736565725822e-01 4.55048918646926981e-01 2.28415931978739495e-01 
3.82197572562003818e-01 4.55048918646926981e-01 2.90831625785597958e-01 
3.47910408558281814e-01 4.55048918646926981e-01 3.63920939812527655e-01 
3.13623244554559810e-01 4.55048918646926981e-01 4.43402983470798540e-01 
2.79336080550837806e-01 4.55048918646926981e-01 5.23503377993846164e-01 
2.45048916547115830e-01 4.55048918646926981e-01 5.98413906331403123e-01 
2.10761752543393854e-01 4.55048918646926981e-01 6.63663155262981919e-01 
1.76474588539671878e-01 4.55048918646926981e-01 7.16802033433639796e-01 
1.42187424535949902e-01 4.55048918646926981e-01 7.57306548088652276e-01 
1.07900260532227926e-01 4.55048918646926981e-01 7.86004740029021542e-01 
7.36130965285059502e-02 4.55048918646926981e-01 8.04420634462936990e-01 
3.93259325247839672e-02 4.55048918646926981e-01 8.14285894885574346e-01 
5.03876852106198425e-03 4.55048918646926981e-01 8.17282604417551850e-01 

9.99366524628999886e-01 4.20993800455010392e-01 2.46272113301047979e-01 
9.65079360625277882e-01 4.20993800455010392e-01 2.05777965183711331e-01 
9.30792196621555878e-01 4.20993800455010392e-01 1.71543895185925777e-01 
8.96505032617833875e-01 4.20993800455010392e-01 1.43528599201390217e-01 
8.62217868614111871e-01 4.20993800455010392e-01 1.21011739585110245e-01 
8.27930704610389867e-01 4.20993800455010392e-01 1.03103376486612996e-01 
7.93643540606667863e-01 4.20993800455010392e-01 8.90368096029394707e-02 
7.59356376602945859e-01 4.20993800455010392e-01 7.82650787231953804e-02 
7.25069212599223856e-01 4.20993800455010392e-01 7.04584242221378831e-02 
6.90782048595501852e-01 4.20993800455010392e-01 6.54818867237869640e-02 
6.56494884591779848e-01 4.20993800455010392e-01 6.33962640771202346e-02 
6.22207720588057844e-01 4.20993800455010392e-01 6.45001886948910474e-02 
5.87920556584335841e-01 4.20993800455010392e-01 6.94162300684252886e-02 
5.53633392580613837e-01 4.20993800455010392e-01 7.92098183840788117e-02 
5.19346228576891833e-01 4.20993800455010392e-01 9.55017706641769215e-02 
4.85059064573169829e-01 4.20993800455010392e-01 1.20480528799208730e-01 
4.50771900569447825e-01 4.20993800455010392e-01 1.56652084945424319e-01 
4.16484736565725822e-01 4.20993800455010392e-01 2.06161446168786511e-01 
3.82197572562003818e-01 4.20993800455010392e-01 2.69709146702668767e-01 
3.47910408558281814e-01 4.20993800455010392e-01 3.45487676455440207e-01 
3.13623244554559810e-01 4.20993800455010392e-01 4.28866674308385543e-01 
2.79336080550837806e-01 4.20993800455010392e-01 5.13297271143114964e-01 
2.45048916547115830e-01 4.20993800455010392e-01 5.92105647440909877e-01 
2.10761752543393854e-01 4.20993800455010392e-01 6.60216685316595386e-01 
1.76474588539671878e-01 4.20993800455010392e-01 7.14992831924792238e-01 
1.42187424535949902e-01 4.20993800455010392e-01 7.56060832547077122e-01 
1.07900260532227926e-01 4.20993800455010392e-01 7.84557628132802165e-01 
7.36130965285059502e-02 4.20993800455010392e-01 8.02321021008806978e-01 
3.93259325247839672e-02 4.20993800455010392e-01 8.11328912415428372e-01 
5.03876852106198425e-03 4.20993800455010392e-01 8.13433548056289757e-01 

9.99366524628999886e-01 3.86938682263093803e-01 2.46983884580279145e-01 
9.65079360625277882e-01 3.86938682263093803e-01 2.03887808695228934e-01 
9.30792196621555878e-01 3.86938682263093803e-01 1.67593231004001419e-01 
8.96505032617833875e-01 3.86938682263093803e-01 1.38131977691730468e-01 
8.62217868614111871e-01 3.86938682263093803e-01 1.14715247288779687e-01 
8.27930704610389867e-01 3.86938682263093803e-01 9.63260112734166674e-02 
7.93643540606667863e-01 3.86938682263093803e-01 8.20653970619686368e-02 
7.59356376602945859e-01 3.86938682263093803e-01 7.12706548343020052e-02 
7.25069212599223856e-01 3.86938682263093803e-01 6.35171046896019775e-02 
6.90782048595501852e-01 3.86938682263093803e-01 5.85947719767030417e-02 
6.56494884591779848e-01 3.86938682263093803e-01 5.65083043413330266e-02 
6.22207720588057844e-01 3.86938682263093803e-01 5.75205844283009360e-02 
5.87920556584335841e-01 3.86938682263093803e-01 6.22456232177181490e-02 
5.53633392580613837e-01 3.86938682263093803e-01 7.17826739251706258e-02 
5.19346228576891833e-01 3.86938682263093803e-01 8.78529720268009795e-02 
4.85059064573169829e-01 3.86938682263093803e-01 1.12835544956011113e-01 
4.50771900569447825e-01 3.86938682263093803e-01 1.49510817270348928e-01 
4.16484736565725822e-01 3.86938682263093803e-01 2.00302883839862722e-01 
3.82197572562003818e-01 3.86938682263093803e-01 2.66031087375641406e-01 
3.47910408558281814e-01 3.86938682263093803e-01 3.44675090783179927e-01 
3.13623244554559810e-01 3.86938682263093803e-01 4.31038272770008057e-01 
2.79336080550837806e-01 3.86938682263093803e-01 5.17863909921701393e-01 
2.45048916547115830e-01 3.86938682263093803e-01 5.97954862073546423e-01 
2.10761752543393854e-01 3.86938682263093803e-01 6.66103947537508567e-01 
1.76474588539671878e-01 3.86938682263093803e-01 7.19899949374453230e-01 
1.42187424535949902e-01 3.86938682263093803e-01 7.59363324202467105e-01 
1.07900260532227926e-01 3.86938682263093803e-01 7.86004356058791265e-01 
7.36130965285059502e-02 3.86938682263093803e-01 8.01922899998196215e-01 
3.93259325247839672e-02 3.86938682263093803e-01 8.09246918504507029e-01 
5.03876852106198425e-03 3.86938682263093803e-01 8.09904482383126956e-01 

9.99366524628999886e-01 3.52883564071177214e-01 2.52832323051756347e-01 
9.65079360625277882e-01 3.52883564071177214e-01 2.07576276066860299e-01 
9.30792196621555878e-01 3.52883564071177214e-01 1.69458025018557334e-01 
8.96505032617833875e-01 3.52883564071177214e-01 1.38628423698009762e-01 
8.62217868614111871e-01 3.52883564071177214e-01 1.14283079222499417e-01 
8.27930704610389867e-01 3.52883564071177214e-01 9.53240597708547299e-02 
7.93643540606667863e-01 3.52883564071177214e-01 8.07592509080478083e-02 
7.59356376602945859e-01 3.52883564071177214e-01 6.98459038087066442e-02 
7.25069212599223856e-01 3.52883564071177214e-01 6.21010726826896620e-02 
6.90782048595501852e-01 3.52883564071177214e-01 5.72802314340802865e-02 
6.56494884591779848e-01 3.52883564071177214e-01 5.53787431116841145e-02 
6.22207720588057844e-01 3.52883564071177214e-01 5.66798193504183812e-02 
5.87920556584335841e-01 3.52883564071177214e-01 6.18562723281451121e-02 
5.53633392580613837e-01 3.52883564071177214e-01 7.21170814083970102e-02 
5.19346228576891833e-01 3.52883564071177214e-01 8.93521417261970430e-02 
4.85059064573169829e-01 3.52883564071177214e-01 1.16150089958057312e-01 
4.50771900569447825e-01 3.52883564071177214e-01 1.55464562697042841e-01 
4.16484736565725822e-01 3.52883564071177214e-01 2.09704338383209787e-01 
3.82197572562003818e-01 3.52883564071177214e-01 2.79318957317667094e-01 
3.47910408558281814e-01 3.52883564071177214e-01 3.61537508129619933e-01 
3.13623244554559810e-01 3.52883564071177214e-01 4.50269093355702643e-01 
2.79336080550837806e-01 3.52883564071177214e-01 5.37628898522500176e-01 
2.45048916547115830e-01 3.52883564071177214e-01 6.16352480653164392e-01 
2.10761752543393854e-01 3.52883564071177214e-01 6.81693655427368039e-01 
1.76474588539671878e-01 3.52883564071177214e-01 7.31939309263806903e-01 
1.42187424535949902e-01 3.52883564071177214e-01 7.67735924025225946e-01 
1.07900260532227926e-01 3.52883564071177214e-01 7.90992706277954705e-01 
7.36130965285059502e-02 3.52883564071177214e-01 8.03987511496146778e-01 
3.93259325247839672e-02 3.52883564071177214e-01 8.08887162357796896e-01 
5.03876852106198425e-03 3.52883564071177214e-01 8.07598474493986362e-01 

9.99366524628999886e-01 3.18828445879260625e-01 2.61917327161701463e-01 
9.65079360625277882e-01 3.18828445879260625e-01 2.15045788347578815e-01 
9.30792196621555878e-01 3.18828445879260625e-01 1.75445966855417357e-01 
8.96505032617833875e-01 3.18828445879260625e-01 1.43418201388872013e-01 
8.62217868614111871e-01 3.18828445879260625e-01 1.18193889184548151e-01 
8.27930704610389867e-01 3.18828445879260625e-01 9.86448024356939568e-02 
7.93643540606667863e-01 3.18828445879260625e-01 8.37290448376739604e-02 
7.59356376602945859e-01 3.18828445879260625e-01 7.26621884673377405e-02 
7.25069212599223856e-01 3.18828445879260625e-01 6.49405038750196506e-02 
6.90782048595501852e-01 3.18828445879260625e-01 6.03259991754311331e-02 
6.56494884591779848e-01 3.18828445879260625e-01 5.88540998179282182e-02 
6.22207720588057844e-01 3.18828445879260625e-01 6.08910649192678233e-02 
5.87920556584335841e-01 3.18828445879260625e-01 6.72485959550784829e-02 
5.53633392580613837e-01 3.18828445879260625e-01 7.93398554420964297e-02 
5.19346228576891833e-01 3.18828445879260625e-01 9.93095295513448661e-02 
4.85059064573169829e-01 3.18828445879260625e-01 1.29974599805210866e-01 
4.50771900569447825e-01 3.18828445879260625e-01 1.74316336376431236e-01 
4.16484736565725822e-01 3.18828445879260625e-01 2.34333738966767569e-01 
3.82197572562003818e-01 3.18828445879260625e-01 3.09501074390824304e-01 
3.47910408558281814e-01 3.18828445879260625e-01 3.95716685286251701e-01 
3.13623244554559810e-01 3.18828445879260625e-01 4.85768850084255299e-01 
2.79336080550837806e-01 3.18828445879260625e-01 5.71428769422535288e-01 
2.45048916547115830e-01 3.18828445879260625e-01 6.45994694267198022e-01 
2.10761752543393854e-01 3.18828445879260625e-01 7.05814926791560215e-01 
1.76474588539671878e-01 3.18828445879260625e-01 7.50262239696879107e-01 
1.42187424535949902e-01 3.18828445879260625e-01 7.80716508550411969e-01 
1.07900260532227926e-01 3.18828445879260625e-01 7.99417396072077846e-01 
7.36130965285059502e-02 3.18828445879260625e-01 8.08694322151638612e-01 
3.93259325247839672e-02 3.18828445879260625e-01 8.10636454140015950e-01 
5.03876852106198425e-03 3.18828445879260625e-01 8.07042857347223697e-01 

9.99366524628999886e-01 2.84773327687344036e-01 2.72425785710076918e-01 
9.65079360625277882e-01 2.84773327687344036e-01 2.24615285535618103e-01 
9.30792196621555878e-01 2.84773327687344036e-01 1.84043439808382614e-01 
8.96505032617833875e-01 2.84773327687344036e-01 1.51162271105061474e-01 
8.62217868614111871e-01 2.84773327687344036e-01 1.25276068806666196e-01 
8.27930704610389867e-01 2.84773327687344036e-01 1.05272965785181749e-01 
7.93643540606667863e-01 2.84773327687344036e-01 9.01057069551451928e-02 
7.59356376602945859e-01 2.84773327687344036e-01 7.89892674508211323e-02 
7.25069212599223856e-01 2.84773327687344036e-01 7.14404920778011765e-02 
6.90782048595501852e-01 2.84773327687344036e-01 6.72747376313622136e-02 
6.56494884591779848e-01 2.84773327687344036e-01 6.66256196967251468e-02 
6.22207720588057844e-01 2.84773327687344036e-01 7.00175948260480241e-02 
5.87920556584335841e-01 2.84773327687344036e-01 7.84954618936274384e-02 
5.53633392580613837e-01 2.84773327687344036e-01 9.37784496060289352e-02 
5.19346228576891833e-01 2.84773327687344036e-01 1.18333131077902720e-01 
4.85059064573169829e-01 2.84773327687344036e-01 1.55148184742042450e-01 
4.50771900569447825e-01 2.84773327687344036e-01 2.06938313822304487e-01 
4.16484736565725822e-01 2.84773327687344036e-01 2.74721073396910875e-01 
3.82197572562003818e-01 2.84773327687344036e-01 3.56314116493438027e-01 
3.47910408558281814e-01 2.84773327687344036e-01 4.45861898223762987e-01 
3.13623244554559810e-01 2.84773327687344036e-01 5.35170657273637773e-01 
2.79336080550837806e-01 2.84773327687344036e-01 6.16311176672861061e-01 
2.45048916547115830e-01 2.84773327687344036e-01 6.83908418627114045e-01 
2.10761752543393854e-01 2.84773327687344036e-01 7.35916351355611287e-01 
1.76474588539671878e-01 2.84773327687344036e-01 7.72943383113734894e-01 
1.42187424535949902e-01 2.84773327687344036e-01 7.97008569440165848e-01 
1.07900260532227926e-01 2.84773327687344036e-01 8.10509115160731097e-01 
7.36130965285059502e-02 2.84773327687344036e-01 8.15674517662544618e-01 
3.93259325247839672e-02 2.84773327687344036e-01 8.14413741912831890e-01 
5.03876852106198425e-03 2.84773327687344036e-01 8.08355609262310759e-01 

9.99366524628999886e-01 2.50718209495427446e-01 2.82777621249842348e-01 
9.65079360625277882e-01 2.50718209495427446e-01 2.34800563609077972e-01 
9.30792196621555878e-01 2.50718209495427446e-01 1.93918449848218211e-01 
8.96505032617833875e-01 2.50718209495427446e-01 1.60708150782084669e-01 
8.62217868614111871e-01 2.50718209495427446e-01 1.34564207964180116e-01 
8.27930704610389867e-01 2.50718209495427446e-01 1.14428526540227282e-01 
7.93643540606667863e-01 2.50718209495427446e-01 9.92908639643884650e-02 
7.59356376602945859e-01 2.50718209495427446e-01 8.84089349634001320e-02 
7.25069212599223856e-01 2.50718209495427446e-01 8.13669778239709540e-02 
6.90782048595501852e-01 2.50718209495427446e-01 7.80893380178274699e-02 
6.56494884591779848e-01 2.50718209495427446e-01 7.88783070927132623e-02 
6.22207720588057844e-01 2.50718209495427446e-01 8.45056351600885214e-02 
5.87920556584335841e-01 2.50718209495427446e-01 9.63509287976645479e-02 
5.53633392580613837e-01 2.50718209495427446e-01 1.16522325233379631e-01 
5.19346228576891833e-01 2.50718209495427446e-01 1.47794992260464553e-01 
4.85059064573169829e-01 2.50718209495427446e-01 1.93098924306603859e-01 
4.50771900569447825e-01 2.50718209495427446e-01 2.54346764537367043e-01 
4.16484736565725822e-01 2.50718209495427446e-01 3.30836706380374990e-01 
3.82197572562003818e-01 2.50718209495427446e-01 4.18165052860820563e-01 
3.47910408558281814e-01 2.50718209495427446e-01 5.08759594283316630e-01 
3.13623244554559810e-01 2.50718209495427446e-01 5.94148637032985705e-01 
2.79336080550837806e-01 2.50718209495427446e-01 6.67653404631798564e-01 
2.45048916547115830e-01 2.50718209495427446e-01 7.25894567336061947e-01 
2.10761752543393854e-01 2.50718209495427446e-01 7.68608437736831407e-01 
1.76474588539671878e-01 2.50718209495427446e-01 7.97465600329860136e-01 
1.42187424535949902e-01 2.50718209495427446e-01 8.14847181425501166e-01 
1.07900260532227926e-01 2.50718209495427446e-01 8.23082584427351049e-01 
7.36130965285059502e-02 2.50718209495427446e-01 8.24166062553738588e-01 
3.93259325247839672e-02 2.50718209495427446e-01 8.19759335699710712e-01 
5.03876852106198425e-03 2.50718209495427446e-01 8.11290882122583046e-01 

9.99366524628999886e-01 2.16663091303510857e-01 2.91793439800093313e-01 
9.65079360625277882e-01 2.16663091303510857e-01 2.44449165901434395e-01 
9.30792196621555878e-01 2.16663091303510857e-01 2.04004933010097811e-01 
8.96505032617833875e-01 2.16663091303510857e-01 1.71116643286873760e-01 
8.62217868614111871e-01 2.16663091303510857e-01 1.45269906425539774e-01 
8.27930704610389867e-01 2.16663091303510857e-01 1.25488061664037087e-01 
7.93643540606667863e-01 2.16663091303510857e-01 1.10836856101157955e-01 
7.59356376602945859e-01 2.16663091303510857e-01 1.00661519868756433e-01 
7.25069212599223856e-01 2.16663091303510857e-01 9.46658897025909329e-02 
6.90782048595501852e-01 2.16663091303510857e-01 9.29477678400043583e-02 
6.56494884591779848e-01 2.16663091303510857e-01 9.60590334644763066e-02 
6.22207720588057844e-01 2.16663091303510857e-01 1.05113037458376524e-01 
5.87920556584335841e-01 2.16663091303510857e-01 1.21908074669737576e-01 
5.53633392580613837e-01 2.16663091303510857e-01 1.48949081396052563e-01 
5.19346228576891833e-01 2.16663091303510857e-01 1.89134093502817291e-01 
4.85059064573169829e-01 2.16663091303510857e-01 2.44837120481366133e-01 
4.50771900569447825e-01 2.16663091303510857e-01 3.16398534707151680e-01 
4.16484736565725822e-01 2.16663091303510857e-01 4.00705792865724220e-01 
3.82197572562003818e-01 2.16663091303510857e-01 4.91054218845421053e-01 
3.47910408558281814e-01 2.16663091303510857e-01 5.78911779955913364e-01 
3.13623244554559810e-01 2.16663091303510857e-01 6.56712844804804519e-01 
2.79336080550837806e-01 2.16663091303510857e-01 7.19933230278423708e-01 
2.45048916547115830e-01 2.16663091303510857e-01 7.67436257444604086e-01 
2.10761752543393854e-01 2.16663091303510857e-01 8.00471479182339629e-01 
1.76474588539671878e-01 2.16663091303510857e-01 8.21341318840315138e-01 
1.42187424535949902e-01 2.16663091303510857e-01 8.32444293071117114e-01 
1.07900260532227926e-01 2.16663091303510857e-01 8.35847902583133906e-01 
7.36130965285059502e-02 2.16663091303510857e-01 8.33231141329928371e-01 
3.93259325247839672e-02 2.16663091303510857e-01 8.25987909913619589e-01 
5.03876852106198425e-03 2.16663091303510857e-01 8.15347820427432479e-01 

9.99366524628999886e-01 1.82607973111594268e-01 2.98832448914085336e-01 
9.65079360625277882e-01 1.82607973111594268e-01 2.52876754942659820e-01 
9.30792196621555878e-01 1.82607973111594268e-01 2.13620651350208468e-01 
8.96505032617833875e-01 1.82607973111594268e-01 1.81749551101682449e-01 
8.62217868614111871e-01 1.82607973111594268e-01 1.56833732464692621e-01 
8.27930704610389867e-01 1.82607973111594268e-01 1.37999850262139456e-01 
7.93643540606667863e-01 1.82607973111594268e-01 1.24426128119005053e-01 
7.59356376602945859e-01 1.82607973111594268e-01 1.15590962035546696e-01 
7.25069212599223856e-01 1.82607973111594268e-01 1.11373569919222204e-01 
6.90782048595501852e-01 1.82607973111594268e-01 1.12114014104640725e-01 
6.56494884591779848e-01 1.82607973111594268e-01 1.18693918233707008e-01 
6.22207720588057844e-01 1.82607973111594268e-01 1.32641812695594996e-01 
5.87920556584335841e-01 1.82607973111594268e-01 1.56188152111123857e-01 
5.53633392580613837e-01 1.82607973111594268e-01 1.92082387223022621e-01 
5.19346228576891833e-01 1.82607973111594268e-01 2.42898493973914498e-01 
4.85059064573169829e-01 1.82607973111594268e-01 3.09696071826838060e-01 
4.50771900569447825e-01 1.82607973111594268e-01 3.90466028149581923e-01 
4.16484736565725822e-01 1.82607973111594268e-01 4.79469954487571681e-01 
3.82197572562003818e-01 1.82607973111594268e-01 5.68441764325593013e-01 
3.47910408558281814e-01 1.82607973111594268e-01 6.49266918082134770e-01 
3.13623244554559810e-01 1.82607973111594268e-01 7.16460454180393058e-01 
2.79336080550837806e-01 1.82607973111594268e-01 7.68034554818604054e-01 
2.45048916547115830e-01 1.82607973111594268e-01 8.04762337324577803e-01 
2.10761752543393854e-01 1.82607973111594268e-01 8.28812006152460756e-01 
1.76474588539671878e-01 1.82607973111594268e-01 8.42625949813298303e-01 
1.42187424535949902e-01 1.82607973111594268e-01 8.48345143448111960e-01 
1.07900260532227926e-01 1.82607973111594268e-01 8.47672195597910072e-01 
7.36130965285059502e-02 1.82607973111594268e-01 8.41958746334596997e-01 
3.93259325247839672e-02 1.82607973111594268e-01 8.32351079557985374e-01 
5.03876852106198425e-03 1.82607973111594268e-01 8.19903756630934732e-01 

9.99366524628999886e-01 1.48552854919677679e-01 3.03858826773704405e-01 
9.65079360625277882e-01 1.48552854919677679e-01 2.59950475705037098e-01 
9.30792196621555878e-01 1.48552854919677679e-01 2.22558581146007406e-01 
8.96505032617833875e-01 1.48552854919677679e-01 1.92359013095310616e-01 
8.62217868614111871e-01 1.48552854919677679e-01 1.69003582400092944e-01 
8.27930704610389867e-01 1.48552854919677679e-01 1.51744025015010608e-01 
7.93643540606667863e-01 1.48552854919677679e-01 1.39906900279727742e-01 
7.59356376602945859e-01 1.48552854919677679e-01 1.33149130973286900e-01 
7.25069212599223856e-01 1.48552854919677679e-01 1.31579774686439221e-01 
6.90782048595501852e-01 1.48552854919677679e-01 1.35842601311518152e-01 
6.56494884591779848e-01 1.48552854919677679e-01 1.47203569285623226e-01 
6.22207720588057844e-01 1.48552854919677679e-01 1.67612128616163536e-01 
5.87920556584335841e-01 1.48552854919677679e-01 1.99600126984530224e-01 
5.53633392580613837e-01 1.48552854919677679e-01 2.45773219553638678e-01 
5.19346228576891833e-01 1.48552854919677679e-01 3.07683833806322915e-01 
4.85059064573169829e-01 1.48552854919677679e-01 3.84286432952744450e-01 
4.50771900569447825e-01 1.48552854919677679e-01 4.70894634901303344e-01 
4.16484736565725822e-01 1.48552854919677679e-01 5.59791922214007753e-01 
3.82197572562003818e-01 1.48552854919677679e-01 6.42610020524548076e-01 
3.47910408558281814e-01 1.48552854919677679e-01 7.13049659865086394e-01 
3.13623244554559810e-01 1.48552854919677679e-01 7.68257398493798260e-01 
2.79336080550837806e-01 1.48552854919677679e-01 8.08441317336712872e-01 
2.45048916547115830e-01 1.48552854919677679e-01 8.35555901971455239e-01 
2.10761752543393854e-01 1.48552854919677679e-01 8.52051599915990554e-01 
1.76474588539671878e-01 1.48552854919677679e-01 8.60147160648744746e-01 
1.42187424535949902e-01 1.48552854919677679e-01 8.61593537915147367e-01 
1.07900260532227926e-01 1.48552854919677679e-01 8.57722603561415609e-01 
7.36130965285059502e-02 1.48552854919677679e-01 8.49598620769462243e-01 
3.93259325247839672e-02 1.48552854919677679e-01 8.38164361388265333e-01 
5.03876852106198425e-03 1.48552854919677679e-01 8.24333074940352573e-01 

9.99366524628999886e-01 1.14497736727761090e-01 3.07411377898788807e-01 
9.65079360625277882e-01 1.14497736727761090e-01 2.66080689694749739e-01 
9.30792196621555878e-01 1.14497736727761090e-01 2.31102124675051979e-01 
8.96505032617833875e-01 1.14497736727761090e-01 2.03122083716877289e-01 
8.62217868614111871e-01 1.14497736727761090e-01 1.81880814857728168e-01 
8.27930704610389867e-01 1.14497736727761090e-01 1.66780351549405847e-01 
7.93643540606667863e-01 1.14497736727761090e-01 1.57330929701092970e-01 
7.59356376602945859e-01 1.14497736727761090e-01 1.53409012699919856e-01 
7.25069212599223856e-01 1.14497736727761090e-01 1.55396119283056411e-01 
6.90782048595501852e-01 1.14497736727761090e-01 1.64272256465964883e-01 
6.56494884591779848e-01 1.14497736727761090e-01 1.81677892757427351e-01 
6.22207720588057844e-01 1.14497736727761090e-01 2.09863428133029994e-01 
5.87920556584335841e-01 1.14497736727761090e-01 2.51332005675632075e-01 
5.53633392580613837e-01 1.14497736727761090e-01 3.07943768657271189e-01 
5.19346228576891833e-01 1.14497736727761090e-01 3.79501056988612251e-01 
4.85059064573169829e-01 1.14497736727761090e-01 4.62471924326010975e-01 
4.50771900569447825e-01 1.14497736727761090e-01 5.50008325011209220e-01 
4.16484736565725822e-01 1.14497736727761090e-01 6.33825369371187497e-01 
3.82197572562003818e-01 1.14497736727761090e-01 7.06962190819687919e-01 
3.47910408558281814e-01 1.14497736727761090e-01 7.65640727221436723e-01 
3.13623244554559810e-01 1.14497736727761090e-01 8.09345989907582997e-01 
2.79336080550837806e-01 1.14497736727761090e-01 8.39678086957753589e-01 
2.45048916547115830e-01 1.14497736727761090e-01 8.59022711905606418e-01 
2.10761752543393854e-01 1.14497736727761090e-01 8.69668059918490943e-01 
1.76474588539671878e-01 1.14497736727761090e-01 8.73445348084461504e-01 
1.42187424535949902e-01 1.14497736727761090e-01 8.71712478826437653e-01 
1.07900260532227926e-01 1.14497736727761090e-01 8.65488313270220244e-01 
7.36130965285059502e-02 1.14497736727761090e-01 8.55613986051606989e-01 
3.93259325247839672e-02 1.14497736727761090e-01 8.42879115443514126e-01 
5.03876852106198425e-03 1.14497736727761090e-01 8.28089147127444747e-01 

9.99366524628999886e-01 8.04426185358445012e-02 3.10468815814149479e-01 
9.65079360625277882e-01 8.04426185358445012e-02 2.72105666993737338e-01 
9.30792196621555878e-01 8.04426185358445012e-02 2.39938212486519697e-01 
8.96505032617833875e-01 8.04426185358445012e-02 2.14583907712237343e-01 
8.62217868614111871e-01 8.04426185358445012e-02 1.95888644430587289e-01 
8.27930704610389867e-01 8.04426185358445012e-02 1.83432026891935329e-01 
7.93643540606667863e-01 8.04426185358445012e-02 1.76938597004840326e-01 
7.59356376602945859e-01 8.04426185358445012e-02 1.76531918299434432e-01 
7.25069212599223856e-01 8.04426185358445012e-02 1.82879443126870600e-01 
6.90782048595501852e-01 8.04426185358445012e-02 1.97271922098485153e-01 
6.56494884591779848e-01 8.04426185358445012e-02 2.21610200454834261e-01 
6.22207720588057844e-01 8.04426185358445012e-02 2.58168798251949161e-01 
5.87920556584335841e-01 8.04426185358445012e-02 3.08930108350364607e-01 
5.53633392580613837e-01 8.04426185358445012e-02 3.74395062026018077e-01 
5.19346228576891833e-01 8.04426185358445012e-02 4.52247568926692156e-01 
4.85059064573169829e-01 8.04426185358445012e-02 5.36851673991882938e-01 
4.50771900569447825e-01 8.04426185358445012e-02 6.20450028344257665e-01 
4.16484736565725822e-01 8.04426185358445012e-02 6.95677955340451626e-01 
3.82197572562003818e-01 8.04426185358445012e-02 7.57793271172751526e-01 
3.47910408558281814e-01 8.04426185358445012e-02 8.05336449417243361e-01 
3.13623244554559810e-01 8.04426185358445012e-02 8.39322615550536888e-01 
2.79336080550837806e-01 8.04426185358445012e-02 8.61928463168365466e-01 
2.45048916547115830e-01 8.04426185358445012e-02 8.75463658648446774e-01 
2.10761752543393854e-01 8.04426185358445012e-02 8.81859191064140235e-01 
1.76474588539671878e-01 8.04426185358445012e-02 8.82552864190231379e-01 
1.42187424535949902e-01 8.04426185358445012e-02 8.78579212040280888e-01 
1.07900260532227926e-01 8.04426185358445012e-02 8.70724619645970921e-01 
7.36130965285059502e-02 8.04426185358445012e-02 8.59672509679277663e-01 
3.93259325247839672e-02 8.04426185358445012e-02 8.46104372173142716e-01 
5.03876852106198425e-03 8.04426185358445012e-02 8.30745635137805083e-01 

9.99366524628999886e-01 4.63875003439279052e-02 3.14228753628937485e-01 
9.65079360625277882e-01 4.63875003439279052e-02 2.79085094851743987e-01 
9.30792196621555878e-01 4.63875003439279052e-02 2.49976077448712364e-01 
8.96505032617833875e-01 4.63875003439279052e-02 2.27505693419329413e-01 
8.62217868614111871e-01 4.63875003439279052e-02 2.11646765597728326e-01 
8.27930704610389867e-01 4.63875003439279052e-02 2.02178922146465934e-01 
7.93643540606667863e-01 4.63875003439279052e-02 1.99057921793606929e-01 
7.59356376602945859e-01 4.63875003439279052e-02 2.02655083219852650e-01 
7.25069212599223856e-01 4.63875003439279052e-02 2.13888519134751764e-01 
6.90782048595501852e-01 4.63875003439279052e-02 2.34253317015020168e-01 
6.56494884591779848e-01 4.63875003439279052e-02 2.65682931718985271e-01 
6.22207720588057844e-01 4.63875003439279052e-02 3.10091070634068156e-01 
5.87920556584335841e-01 4.63875003439279052e-02 3.68459837567651549e-01 
5.53633392580613837e-01 4.63875003439279052e-02 4.39621116516679178e-01 
5.19346228576891833e-01 4.63875003439279052e-02 5.19411158219942659e-01 
4.85059064573169829e-01 4.63875003439279052e-02 6.01121809200028445e-01 
4.50771900569447825e-01 4.63875003439279052e-02 6.77438872223285138e-01 
4.16484736565725822e-01 4.63875003439279052e-02 7.42771297922993456e-01 
3.82197572562003818e-01 4.63875003439279052e-02 7.94513312948991079e-01 
3.47910408558281814e-01 4.63875003439279052e-02 8.32783774647323227e-01 
3.13623244554559810e-01 4.63875003439279052e-02 8.59303221361296776e-01 
2.79336080550837806e-01 4.63875003439279052e-02 8.76277201278219398e-01 
2.45048916547115830e-01 4.63875003439279052e-02 8.85713027280899512e-01 
2.10761752543393854e-01 4.63875003439279052e-02 8.89167052693922932e-01 
1.76474588539671878e-01 4.63875003439279052e-02 8.87755985511748613e-01 
1.42187424535949902e-01 4.63875003439279052e-02 8.82280585669717343e-01 
1.07900260532227926e-01 4.63875003439279052e-02 8.73370670741854704e-01 
7.36130965285059502e-02 4.63875003439279052e-02 8.61606407468770596e-01 
3.93259325247839672e-02 4.63875003439279052e-02 8.47596212593499709e-01 
5.03876852106198425e-03 4.63875003439279052e-02 8.32006125215167813e-01 

9.99366524628999886e-01 1.23323821520113092e-02 3.19852636948147584e-01 
9.65079360625277882e-01 1.23323821520113092e-02 2.88054555634385978e-01 
9.30792196621555878e-01 1.23323821520113092e-02 2.62117941683788325e-01 
8.96505032617833875e-01 1.23323821520113092e-02 2.42654085488988813e-01 
8.62217868614111871e-01 1.23323821520113092e-02 2.29778242559286250e-01 
8.27930704610389867e-01 1.23323821520113092e-02 2.23477818197030720e-01 
7.93643540606667863e-01 1.23323821520113092e-02 2.23932220291018835e-01 
7.59356376602945859e-01 1.23323821520113092e-02 2.31722423059146698e-01 
7.25069212599223856e-01 1.23323821520113092e-02 2.47923838869440583e-01 
6.90782048595501852e-01 1.23323821520113092e-02 2.74055113785406590e-01 
6.56494884591779848e-01 1.23323821520113092e-02 3.11793639450724802e-01 
6.22207720588057844e-01 1.23323821520113092e-02 3.62339751102420449e-01 
5.87920556584335841e-01 1.23323821520113092e-02 4.25439142435618811e-01 
5.53633392580613837e-01 1.23323821520113092e-02 4.98437982029815763e-01 
5.19346228576891833e-01 1.23323821520113092e-02 5.76115892569152077e-01 
4.85059064573169829e-01 1.23323821520113092e-02 6.51831670359652726e-01 
4.50771900569447825e-01 1.23323821520113092e-02 7.19548456987261331e-01 
4.16484736565725822e-01 1.23323821520113092e-02 7.75502841442215374e-01 
3.82197572562003818e-01 1.23323821520113092e-02 8.18620676600804398e-01 
3.47910408558281814e-01 1.23323821520113092e-02 8.49824130020029322e-01 
3.13623244554559810e-01 1.23323821520113092e-02 8.70975565324152434e-01 
2.79336080550837806e-01 1.23323821520113092e-02 8.84050439733874427e-01 
2.45048916547115830e-01 1.23323821520113092e-02 8.90713440359432229e-01 
2.10761752543393854e-01 1.23323821520113092e-02 8.92209337030664296e-01 
1.76474588539671878e-01 1.23323821520113092e-02 8.89423000789557494e-01 
1.42187424535949902e-01 1.23323821520113092e-02 8.83001244469008073e-01 
1.07900260532227926e-01 1.23323821520113092e-02 8.73477103415143619e-01 
7.36130965285059502e-02 1.23323821520113092e-02 8.61367768105640197e-01 
3.93259325247839672e-02 1.23323821520113092e-02 8.47233553323351485e-01 
5.03876852106198425e-03 1.23323821520113092e-02 8.31695373601032628e-01 

